0	0	-0.001	-0.001	-0.001	-0.001	-0.001	-0.001	0.000999776	0.000997907	0.000999834	0.000999998	0.001	0.000999988	-0.001	-0.001	-0.001	-0.001	-0.001	-0.001	0	384.776
0.01	0.0001	-0.001	-0.001	-0.001	-0.001	-0.001	-0.001	0.000999997	0.000999999	0.000999999	0.001	0.001	0.000999999	-0.001	-0.001	-0.001	-0.001	-0.001	-0.001	0	373.748
0.01	0.000167	-0.001	-0.001	-0.001	-0.001	-0.001	-0.001	0.001	0.000999998	0.001	0.001	0.001	0.001	-0.001	-0.001	-0.001	-0.001	-0.001	-0.001	0	373.33
0.01	0.000278	-0.001	-0.001	-0.001	-0.001	-0.001	-0.001	0.001	0.000999999	0.001	0.000999999	0.001	0.001	-0.001	-0.001	-0.001	-0.001	-0.001	-0.001	0	372.184
0.01	0.000464	-0.001	-0.001	-0.001	-0.001	-0.001	-0.001	0.000999997	0.001	0.001	0.001	0.001	0.001	-0.001	-0.001	-0.001	-0.001	-0.001	-0.001	0	369.215
0.01	0.000774	-0.001	-0.001	-0.001	-0.001	-0.001	-0.001	0.001	0.001	0.001	0.001	0.001	0.001	-0.001	-0.001	-0.001	-0.001	-0.001	-0.001	0	361.547
0.01	0.00129	-0.001	-0.001	-0.001	-0.001	-0.001	-0.001	0.001	0.000999999	0.000999991	0.000999997	0.000999999	0.000999999	-0.001	-0.001	-0.001	-0.001	-0.001	-0.001	0	343.895
0.01	0.00215	-0.001	-0.001	-0.001	-0.001	-0.001	-0.001	0.001	0.000999992	0.001	0.001	0.001	0.001	-0.001	-0.001	-0.001	-0.001	-0.001	-0.001	0	316.147
0.01	0.00359	-0.001	-0.001	-0.001	-0.001	-0.001	-0.001	0.000990547	0.000985263	0.000998303	0.000999999	0.001	0.000999995	-0.001	-0.001	-0.001	-0.001	-0.001	-0.001	0	302.376
0.01	0.00599	-0.001	-0.001	-0.001	-0.001	-0.001	-0.001	0.000999969	0.000911842	0.000925665	0.000999992	0.000999999	0.000999984	-0.001	-0.001	-0.001	-0.001	-0.001	-0.001	0	305.917
0.01	0.01	-0.001	-0.001	-0.001	-0.001	-0.001	-0.001	0.000999998	0.000999995	0.001	0.001	0.000999999	0.001	-0.001	-0.001	-0.001	-0.001	-0.001	-0.001	0	298.715
0.0146	0.0001	-0.001	-0.001	-0.001	-0.001	-0.001	-0.001	0.001	0.000999996	0.000999999	0.001	0.000999999	0.000999998	-0.001	-0.001	-0.001	-0.001	-0.001	-0.001	0	373.669
0.0146	0.000167	-0.001	-0.001	-0.001	-0.001	-0.001	-0.001	0.001	0.000999978	0.000999998	0.000999992	0.000999996	0.001	-0.001	-0.001	-0.001	-0.001	-0.001	-0.001	0	373.055
0.0146	0.000278	-0.001	-0.001	-0.001	-0.001	-0.001	-0.001	0.000999481	0.000999997	0.000999978	0.001	0.000999999	0.001	-0.001	-0.001	-0.001	-0.001	-0.001	-0.001	0	371.407
0.0146	0.000464	-0.001	-0.001	-0.001	-0.001	-0.001	-0.001	0.000999999	0.001	0.001	0.001	0.001	0.001	-0.001	-0.001	-0.001	-0.001	-0.001	-0.001	0	367.079
0.0146	0.000774	-0.001	-0.001	-0.001	-0.001	-0.001	-0.001	0.000999998	0.000999993	0.000999996	0.000999999	0.001	0.000999999	-0.001	-0.001	-0.001	-0.001	-0.001	-0.001	0	355.734
0.0146	0.00129	-0.001	-0.001	-0.001	-0.001	-0.001	-0.001	0.00096746	0.000999673	0.000999866	0.000999975	0.001	0.000999997	-0.001	-0.001	-0.001	-0.001	-0.001	-0.001	0	330.393
0.0146	0.00215	-0.001	-0.001	-0.001	-0.001	-0.001	-0.001	0.000999998	0.001	0.000999996	0.001	0.001	0.001	-0.001	-0.001	-0.001	-0.001	-0.001	-0.001	0	291.055
0.0146	0.00359	-0.001	-0.001	-0.001	-0.001	-0.001	-0.001	0.000999996	0.000999997	0.001	0.001	0.001	0.001	-0.001	-0.001	-0.001	-0.001	-0.001	-0.001	0	271.79
0.0146	0.00599	-0.001	-0.001	-0.001	-0.001	-0.001	-0.001	-0.000414248	0.000979748	0.000946096	0.000999998	0.000999947	0.000999952	-0.001	-0.001	-0.001	-0.001	-0.001	-0.001	0	282.059
0.0146	0.01	-0.001	-0.001	-0.001	-0.001	-0.001	-0.001	0.000913306	-0.000125034	-0.000719996	0.000999842	0.000999967	0.000999871	-0.001	-0.001	-0.000999999	-0.000999999	-0.001	-0.001	0	274.58
0.0213	0.0001	-0.001	-0.001	-0.001	-0.001	-0.001	-0.001	0.00098571	0.000999372	0.000972931	0.00099993	0.001	0.000999999	-0.001	-0.001	-0.001	-0.001	-0.001	-0.001	0	373.549
0.0213	0.000167	-0.001	-0.001	-0.001	-0.001	-0.001	-0.001	0.000995506	0.000998809	0.000999936	0.000999719	0.000999993	0.000999056	-0.001	-0.001	-0.001	-0.001	-0.001	-0.001	0	372.654
0.0213	0.000278	-0.001	-0.001	-0.001	-0.001	-0.001	-0.001	0.001	0.000999991	0.00099993	0.001	0.001	0.001	-0.001	-0.001	-0.001	-0.001	-0.001	-0.001	0	370.277
0.0213	0.000464	-0.001	-0.001	-0.001	-0.001	-0.001	-0.001	0.000999999	0.000999998	0.000999997	0.000999999	0.001	0.000999999	-0.001	-0.001	-0.001	-0.001	-0.001	-0.001	0	363.942
0.0213	0.000774	-0.001	-0.001	-0.001	-0.001	-0.001	-0.001	0.001	0.001	0.001	0.001	0.001	0.000999999	-0.001	-0.001	-0.001	-0.001	-0.001	-0.001	0	347.446
0.0213	0.00129	-0.001	-0.001	-0.001	-0.001	-0.001	-0.001	0.000965455	0.000996399	0.000997987	0.000999483	0.00099785	0.000998256	-0.001	-0.001	-0.001	-0.001	-0.001	-0.001	0	311.364
0.0213	0.00215	-0.001	-0.001	-0.001	-0.001	-0.001	-0.001	0.000999999	0.001	0.001	0.001	0.001	0.000999999	-0.001	-0.001	-0.001	-0.001	-0.001	-0.001	0	257.324
0.0213	0.00359	-0.001	-0.001	-0.001	-0.001	-0.001	-0.001	0.000529231	-0.000345494	-0.000921266	0.000999728	0.000999872	0.000999331	-0.001	-0.001	-0.001	-0.001	-0.001	-0.001	0	234.044
0.0213	0.00599	-0.001	-0.001	-0.000843319	-0.001	-0.001	-0.001	0.000883412	0.000904908	0.000253789	0.000999755	0.000999922	0.000999421	-0.001	-0.001	-0.000999999	-0.000999999	-0.000999997	-0.001	0	257.372
0.0213	0.01	-1.08172e-05	6.01988e-05	-0.000158847	-0.001	-0.001	-0.001	0.000116181	-0.000952303	8.24285e-05	0.000999873	0.000999912	0.00099979	-0.000407443	-0.000423104	-0.000945225	-0.00092016	-0.000868852	-0.000934637	0	253.648
0.0311	0.0001	-0.001	-0.001	-0.001	-0.001	-0.001	-0.001	0.000985486	0.000986705	0.000976329	0.000999986	0.000999979	0.000999985	-0.001	-0.001	-0.001	-0.001	-0.001	-0.001	0	373.376
0.0311	0.000167	-0.001	-0.001	-0.001	-0.001	-0.001	-0.001	0.001	0.001	0.001	0.001	0.001	0.001	-0.001	-0.001	-0.001	-0.001	-0.001	-0.001	0	372.086
0.0311	0.000278	-0.001	-0.001	-0.001	-0.001	-0.001	-0.001	0.000991676	0.000999341	0.000988236	0.000999994	0.000999999	0.000999984	-0.001	-0.001	-0.001	-0.001	-0.001	-0.001	0	368.693
0.0311	0.000464	-0.001	-0.001	-0.001	-0.001	-0.001	-0.001	0.000983345	0.000999629	0.000975931	0.000999995	0.000999874	0.00099999	-0.001	-0.001	-0.001	-0.001	-0.001	-0.001	0	359.419
0.0311	0.000774	-0.001	-0.001	-0.001	-0.001	-0.001	-0.001	0.00099129	0.000966167	0.000982215	0.000999992	0.000999991	0.00099998	-0.001	-0.001	-0.001	-0.001	-0.001	-0.001	0	335.779
0.0311	0.00129	-0.001	-0.001	-0.001	-0.001	-0.001	-0.001	0.000886545	0.000935412	0.000947365	0.000999795	0.000999827	0.000999956	-0.001	-0.001	-0.001	-0.001	-0.001	-0.001	0	285.502
0.0311	0.00215	-0.001	-0.001	-0.001	-0.001	-0.001	-0.001	0.000999973	0.001	0.000999999	0.001	0.000999996	0.000999999	-0.001	-0.001	-0.001	-0.001	-0.001	-0.001	0	212.722
0.0311	0.00359	-0.001	-0.001	-0.001	-0.001	-0.001	-0.001	0.00075553	-0.000821733	0.00097473	0.000999983	0.000999985	0.000999917	-0.001	-0.001	-0.001	-0.001	-0.001	-0.001	0	189.763
0.0311	0.00599	0.000173519	0.000202191	0.000762061	-0.001	-0.001	-0.001	0.000268924	-0.000878518	-0.000525673	0.000999981	0.000998832	0.000998492	0.000410911	0.000348699	0.000309221	0.000257629	-5.23859e-06	0.000135917	0	234.971
0.0311	0.01	0.001	0.001	0.001	-0.001	-0.001	-0.001	-0.000925981	-0.000848966	0.000258739	0.000999818	0.000999475	0.000999999	0.001	0.001	0.001	0.001	0.001	0.001	0	244.025
0.0453	0.0001	-0.001	-0.001	-0.001	-0.001	-0.001	-0.001	0.000998717	0.00099995	0.000994925	0.000999999	0.000999999	0.001	-0.001	-0.001	-0.001	-0.001	-0.001	-0.001	0	373.123
0.0453	0.000167	-0.001	-0.001	-0.001	-0.001	-0.001	-0.001	0.001	0.001	0.001	0.001	0.001	0.001	-0.001	-0.001	-0.001	-0.001	-0.001	-0.001	0	371.264
0.0453	0.000278	-0.001	-0.001	-0.001	-0.001	-0.001	-0.001	0.001	0.001	0.000999992	0.001	0.001	0.001	-0.001	-0.001	-0.001	-0.001	-0.001	-0.001	0	366.29
0.0453	0.000464	-0.001	-0.001	-0.001	-0.001	-0.001	-0.001	0.000999998	0.000999989	0.000999997	0.000999999	0.001	0.001	-0.001	-0.001	-0.001	-0.001	-0.001	-0.001	0	352.637
0.0453	0.000774	-0.001	-0.001	-0.001	-0.001	-0.001	-0.001	0.000999962	0.000999996	0.000999999	0.001	0.001	0.001	-0.001	-0.001	-0.001	-0.001	-0.001	-0.001	0	319.156
0.0453	0.00129	-0.001	-0.001	-0.001	-0.001	-0.001	-0.001	0.001	0.00099999	0.000999992	0.000999993	0.001	0.000999998	-0.001	-0.001	-0.001	-0.001	-0.001	-0.001	0	251.841
0.0453	0.00215	-0.001	-0.001	-0.001	-0.001	-0.001	-0.001	0.000917905	-0.000828649	0.00098719	0.000999998	0.000999993	0.00099991	-0.001	-0.001	-0.001	-0.001	-0.001	-0.001	0	160.844
0.0453	0.00359	-0.00025976	-0.000237096	-7.50923e-05	-0.001	-0.001	-0.001	-0.001	-0.001	0.000999995	0.001	0.001	0.000999999	-0.001	-0.001	-0.000700835	-0.000728226	-0.000575092	-0.00061638	0	147.003
0.0453	0.00599	0.001	0.001	0.001	-0.001	-0.001	-0.001	-0.001	-0.001	-0.001	0.001	0.001	0.001	0.001	0.001	0.001	0.001	0.001	0.001	0	232.132
0.0453	0.01	0.001	0.001	0.001	-0.001	-0.001	-0.001	-0.001	-0.001	-0.001	0.001	0.001	0.001	0.001	0.001	0.001	0.001	0.001	0.001	0	287.2
0.0662	0.0001	-0.001	-0.001	-0.001	-0.001	-0.001	-0.001	0.001	0.000999989	0.000999997	0.000999999	0.001	0.001	-0.001	-0.001	-0.001	-0.001	-0.001	-0.001	0	372.753
0.0662	0.000167	-0.001	-0.001	-0.001	-0.001	-0.001	-0.001	0.001	0.000999986	0.000999999	0.001	0.001	0.001	-0.001	-0.001	-0.001	-0.001	-0.001	-0.001	0	370.069
0.0662	0.000278	-0.001	-0.001	-0.001	-0.001	-0.001	-0.001	0.00099787	0.000999871	0.000999898	0.000999921	0.00099996	0.000999998	-0.001	-0.001	-0.001	-0.001	-0.001	-0.001	0	362.821
0.0662	0.000464	-0.001	-0.001	-0.001	-0.001	-0.001	-0.001	0.001	0.000999999	0.000999999	0.001	0.001	0.001	-0.001	-0.001	-0.001	-0.001	-0.001	-0.001	0	343.125
0.0662	0.000774	-0.001	-0.001	-0.001	-0.001	-0.001	-0.001	0.001	0.001	0.000999999	0.000999999	0.001	0.001	-0.001	-0.001	-0.001	-0.001	-0.001	-0.001	0	296.665
0.0662	0.00129	-0.001	-0.001	-0.001	-0.001	-0.001	-0.001	0.000999997	0.001	0.000999999	0.000999996	0.001	0.000999998	-0.001	-0.001	-0.001	-0.001	-0.001	-0.001	0	210.91
0.0662	0.00215	-0.001	-0.001	-0.001	-0.001	-0.001	-0.001	0.000999954	0.000999959	0.001	0.001	0.000999998	0.000999999	-0.001	-0.001	-0.001	-0.001	-0.001	-0.001	0	111.599
0.0662	0.00359	0.001	0.001	0.001	-0.000999999	-0.001	-0.000999999	-0.000999999	-0.000999997	-0.000999996	0.000999999	0.001	0.001	0.001	0.001	0.001	0.001	0.001	0.001	0	123.589
0.0662	0.00599	0.001	0.001	0.001	-0.001	-0.001	-0.001	-0.001	-0.001	-0.000999999	0.000999999	0.000999999	0.001	0.001	0.001	0.001	0.001	0.001	0.001	0	306.732
0.0662	0.01	0.001	0.001	0.001	-0.001	-0.001	-0.001	-0.001	-0.001	-0.001	0.000999996	0.001	0.000999997	0.001	0.001	0.001	0.001	0.001	0.001	0	472.011
0.0965	0.0001	-0.001	-0.001	-0.001	-0.001	-0.001	-0.001	0.000984643	0.000994382	0.000975083	0.000999898	0.000999933	0.001	-0.001	-0.001	-0.001	-0.001	-0.001	-0.001	0	372.228
0.0965	0.000167	-0.001	-0.001	-0.001	-0.001	-0.001	-0.001	0.000999999	0.000999774	0.001	0.001	0.001	0.001	-0.001	-0.001	-0.001	-0.001	-0.001	-0.001	0	368.393
0.0965	0.000278	-0.001	-0.001	-0.001	-0.001	-0.001	-0.001	0.000999999	0.000999998	0.001	0.001	0.000999999	0.000999998	-0.001	-0.001	-0.001	-0.001	-0.001	-0.001	0	357.737
0.0965	0.000464	-0.001	-0.001	-0.001	-0.001	-0.001	-0.001	0.000999997	0.000999985	0.001	0.001	0.001	0.000999999	-0.001	-0.001	-0.001	-0.001	-0.001	-0.001	0	329.827
0.0965	0.000774	-0.001	-0.001	-0.001	-0.001	-0.001	-0.001	0.001	0.001	0.001	0.000999999	0.001	0.000999999	-0.001	-0.001	-0.001	-0.001	-0.001	-0.001	0	267.599
0.0965	0.00129	-0.001	-0.001	-0.001	-0.001	-0.001	-0.001	0.000999997	0.001	0.001	0.000999995	0.000999994	0.001	-0.001	-0.001	-0.001	-0.001	-0.001	-0.001	0	169.222
0.0965	0.00215	-9.66569e-05	-8.1402e-05	-0.000150037	5.58255e-05	4.35645e-05	5.30441e-05	-0.001	-0.001	0.001	0.001	0.001	-0.001	-0.000371646	-0.000351798	-0.000223912	-0.000220923	-0.000139953	-0.000174188	0	92.3269
0.0965	0.00359	0.001	0.001	0.001	5.62444e-05	4.62976e-05	2.0616e-05	-0.001	-0.001	-0.000999997	-0.000999992	-0.000999999	-0.001	0.001	0.001	0.001	0.001	0.001	0.001	0	184.343
0.0965	0.00599	0.001	0.001	0.001	-0.001	-0.001	-0.001	-0.000999998	-0.000999994	-0.000999984	-0.000999998	0.001	-0.000999967	0.001	0.001	0.001	0.001	0.001	0.001	0	585.69
0.0965	0.01	0.001	0.001	0.001	-0.001	-0.001	-0.001	-0.000999944	-0.000999334	-0.000999745	0.000999918	0.00099983	0.000997422	0.001	0.001	0.001	0.001	0.001	0.001	0	1018.55
0.141	0.0001	-0.001	-0.001	-0.001	-0.001	-0.001	-0.001	0.000999999	0.001	0.001	0.001	0.001	0.000999999	-0.001	-0.001	-0.001	-0.001	-0.001	-0.001	0	371.475
0.141	0.000167	-0.001	-0.001	-0.001	-0.001	-0.001	-0.001	0.001	0.001	0.001	0.001	0.001	0.001	-0.001	-0.001	-0.001	-0.001	-0.001	-0.001	0	365.855
0.141	0.000278	-0.001	-0.001	-0.001	-0.001	-0.001	-0.001	0.000999999	0.000999988	0.000999997	0.001	0.001	0.000999999	-0.001	-0.001	-0.001	-0.001	-0.001	-0.001	0	350.263
0.141	0.000464	-0.001	-0.001	-0.001	-0.001	-0.001	-0.001	0.000999999	0.000999999	0.000999999	0.001	0.001	0.001	-0.001	-0.001	-0.001	-0.001	-0.001	-0.001	0	311.142
0.141	0.000774	-0.001	-0.001	-0.001	-0.001	-0.001	-0.001	0.000991113	0.000997201	0.000977364	0.000999973	0.000999796	0.000999976	-0.001	-0.001	-0.001	-0.001	-0.001	-0.001	0	233.225
0.141	0.00129	-0.001	-0.001	-0.001	-0.000575534	-0.000586333	-0.000572124	0.000999989	0.000999947	0.001	0.000999999	0.000999994	0.000999998	-0.001	-0.001	-0.001	-0.001	-0.001	-0.001	0	148.196
0.141	0.00215	0.001	0.001	0.001	0.001	0.001	0.001	-0.000988832	-0.000984545	-0.000877582	-0.000999421	-0.000999495	-0.000999924	0.001	0.001	0.001	0.001	0.001	0.001	0	171.124
0.141	0.00359	0.001	0.001	0.001	0.001	0.001	0.001	-0.000999992	-0.00099987	-0.000999772	-0.000999731	-0.000999927	-0.000999815	0.001	0.001	0.001	0.001	0.001	0.001	0	482.199
0.141	0.00599	0.001	0.001	0.001	-0.000410411	-0.000407817	-0.000442687	-0.000999981	-0.000999992	-0.000999998	0.000755216	-0.000999999	-0.000999998	0.001	0.001	0.001	0.001	0.001	0.001	0	1353.85
0.141	0.01	0.001	0.001	0.001	1.16633e-05	-8.03837e-06	8.33174e-06	-0.001	-0.001	-0.001	-0.00099997	0.000999999	-0.000999999	0.001	0.001	0.001	0.001	0.001	0.001	0	2394.76
0.206	0.0001	-0.001	-0.001	-0.001	-0.001	-0.001	-0.001	0.001	0.001	0.001	0.001	0.001	0.001	-0.001	-0.001	-0.001	-0.001	-0.001	-0.001	0	370.383
0.206	0.000167	-0.001	-0.001	-0.001	-0.001	-0.001	-0.001	0.001	0.000999999	0.000999996	0.001	0.001	0.001	-0.001	-0.001	-0.001	-0.001	-0.001	-0.001	0	362.215
0.206	0.000278	-0.001	-0.001	-0.001	-0.001	-0.001	-0.001	0.000999997	0.000999992	0.000999999	0.000999998	0.000999999	0.001	-0.001	-0.001	-0.001	-0.001	-0.001	-0.001	0	339.839
0.206	0.000464	-0.001	-0.001	-0.001	-0.001	-0.001	-0.001	0.001	0.001	0.001	0.001	0.001	0.001	-0.001	-0.001	-0.001	-0.001	-0.001	-0.001	0	286.699
0.206	0.000774	-0.001	-0.001	-0.001	-0.001	-0.001	-0.001	0.000999999	0.000999999	0.000999996	0.001	0.001	0.000999999	-0.001	-0.001	-0.001	-0.001	-0.001	-0.001	0	199.715
0.206	0.00129	-0.000491781	-0.000480085	-0.000684586	0.000815798	0.000796599	0.00080469	-5.4198e-05	-0.000953486	0.000859727	-0.000978888	-0.000999956	-0.000976036	-0.001	-0.000999988	-0.000991345	-0.000987587	-0.000545037	-0.000693375	0	199.556
0.206	0.00215	0.001	0.001	0.001	0.001	0.001	0.001	-0.000999999	-0.000999608	-0.000999937	-0.001	-0.001	-0.001	0.001	0.001	0.001	0.001	0.001	0.001	0	530.608
0.206	0.00359	0.001	0.001	0.001	0.001	0.001	0.001	-0.001	-0.001	-0.001	-0.001	-0.001	-0.001	0.001	0.001	0.001	0.001	0.001	0.001	0	1366.73
0.206	0.00599	0.000999999	0.000999997	0.000999988	0.000999268	0.000999281	0.000985974	-0.000999692	-0.00097147	-0.000985272	-0.000999303	-0.000977781	-0.0009983	0.000999803	0.000999803	0.000999931	0.000999954	0.000999966	0.000999987	0	3241.63
0.206	0.01	0.001	0.001	0.001	0.001	0.001	0.001	-0.001	-0.001	-0.001	-0.001	-0.001	-0.000999998	0.001	0.001	0.001	0.001	0.001	0.001	0	5620.62
0.3	0.0001	-0.001	-0.001	-0.001	-0.001	-0.001	-0.001	0.00099971	0.000976519	0.000989709	0.00099998	0.000999997	0.000999996	-0.001	-0.001	-0.001	-0.001	-0.001	-0.001	0	368.872
0.3	0.000167	-0.001	-0.001	-0.001	-0.001	-0.001	-0.001	0.000999838	0.000977097	0.000964468	0.000999776	0.000999146	0.000999092	-0.001	-0.001	-0.001	-0.001	-0.001	-0.001	0	356.845
0.3	0.000278	-0.001	-0.001	-0.001	-0.001	-0.001	-0.001	0.001	0.001	0.001	0.001	0.001	0.001	-0.001	-0.001	-0.001	-0.001	-0.001	-0.001	0	325.196
0.3	0.000464	-0.001	-0.001	-0.001	-0.001	-0.001	-0.001	-0.000957328	0.000999987	0.000999987	0.000997818	0.000999988	0.000999523	-0.001	-0.001	-0.001	-0.001	-0.001	-0.001	0	256.52
0.3	0.000774	-0.001	-0.001	-0.001	-0.00085126	-0.000860185	-0.000848089	0.00099999	0.000999998	0.000999999	0.000999997	0.000999997	0.000999983	-0.001	-0.001	-0.001	-0.001	-0.001	-0.001	0	187.549
0.3	0.00129	0.000982954	0.00096936	0.000934938	0.001	0.001	0.001	-0.000388176	-0.000228646	0.000980306	-0.000998038	-0.000999827	-0.000999998	0.000999998	0.000999993	0.000999992	0.000999948	0.000999351	0.000999774	0	443.558
0.3	0.00215	0.001	0.001	0.001	0.001	0.001	0.001	-0.000998477	-0.000999986	-0.00099956	-0.001	-0.001	-0.001	0.001	0.001	0.001	0.001	0.001	0.001	0	1583.61
0.3	0.00359	0.001	0.001	0.001	0.001	0.001	0.001	-0.001	-0.001	-0.001	-0.001	-0.001	-0.001	0.001	0.001	0.001	0.001	0.001	0.001	0	3618.1
0.3	0.00599	0.001	0.001	0.001	0.001	0.001	0.001	-0.000999727	-0.000999948	-0.000999648	-0.000999862	-0.000999871	-0.000999999	0.001	0.001	0.001	0.001	0.001	0.001	0	7634.52
0.3	0.01	0.001	0.001	0.001	0.001	0.001	0.001	-0.001	-0.001	-0.001	-0.001	-0.001	-0.001	0.001	0.001	0.001	0.001	0.001	0.001	0	12947.6
