-0.01  9.59517
-0.0098995  9.37554
-0.00979899  9.16241
-0.00969849  8.95588
-0.00959799  8.75602
-0.00949749  8.56256
-0.00939698  8.37576
-0.00929648  8.19557
-0.00919598  8.01378
-0.00909548  7.80691
-0.00899497  7.60657
-0.00889447  7.4128
-0.00879397  7.22559
-0.00869347  7.04496
-0.00859296  6.87084
-0.00849246  6.70336
-0.00839196  6.54243
-0.00829146  6.38808
-0.00819095  6.22977
-0.00809045  6.0487
-0.00798995  5.87423
-0.00788945  5.70628
-0.00778894  5.54488
-0.00768844  5.39001
-0.00758794  5.24177
-0.00748744  5.10002
-0.00738693  4.96485
-0.00728643  4.83629
-0.00718593  4.70235
-0.00708543  4.54704
-0.00698492  4.39826
-0.00688442  4.25605
-0.00678392  4.12033
-0.00668342  3.99088
-0.00658291  3.86746
-0.00648241  3.75014
-0.00638191  3.63889
-0.00628141  3.53339
-0.0061809  3.43088
-0.0060804  3.30032
-0.0059799  3.17579
-0.0058794  3.0571
-0.00577889  2.94359
-0.00567839  2.83497
-0.00557789  2.73126
-0.00547739  2.6324
-0.00537688  2.53849
-0.00527638  2.4495
-0.00517588  2.36533
-0.00507538  2.28604
-0.00497487  2.18105
-0.00487437  2.07889
-0.00477387  1.98168
-0.00467337  1.88928
-0.00457286  1.80176
-0.00447236  1.7191
-0.00437186  1.64131
-0.00427136  1.56834
-0.00417085  1.50024
-0.00407035  1.43702
-0.00396985  1.37853
-0.00386935  1.30436
-0.00376884  1.22318
-0.00366834  1.14684
-0.00356784  1.07535
-0.00346734  1.0086
-0.00336683  0.946562
-0.00326633  0.889203
-0.00316583  0.836574
-0.00306533  0.788628
-0.00296482  0.745367
-0.00286432  0.706842
-0.00276382  0.667223
-0.00266332  0.606288
-0.00256281  0.55006
-0.00246231  0.498529
-0.00236181  0.451694
-0.00226131  0.409555
-0.0021608  0.372131
-0.0020603  0.339368
-0.0019598  0.311291
-0.0018593  0.287542
-0.00175879  0.267849
-0.00165829  0.25225
-0.00155779  0.224597
-0.00145729  0.187962
-0.00135678  0.155424
-0.00125628  0.126969
-0.00115578  0.10259
-0.00105528  0.0822928
-0.000954774  0.0660636
-0.000854271  0.0539093
-0.000753769  0.045837
-0.000653266  0.0418351
-0.000552764  0.0419119
-0.000452261  0.0460647
-0.000351759  0.0435982
-0.000251256  0.0267362
-0.000150754  0.0139473
-5.02513e-05  0.00522527
5.02513e-05  0.00057705
0.000150754  0
0.000251256  0.00349538
0.000351759  0.0110622
0.000452261  0.0226965
0.000552764  0.0384041
0.000653266  0.0581867
0.000753769  0.082039
0.000854271  0.105653
0.000954774  0.108477
0.00105528  0.115383
0.00115578  0.126333
0.00125628  0.141361
0.00135678  0.160463
0.00145729  0.183619
0.00155779  0.210848
0.00165829  0.242312
0.00175879  0.278403
0.0018593  0.319181
0.0019598  0.364642
0.0020603  0.411074
0.0021608  0.434095
0.00226131  0.461792
0.00236181  0.494174
0.00246231  0.531213
0.00256281  0.572938
0.00266332  0.619359
0.00276382  0.670416
0.00286432  0.726176
0.00296482  0.786608
0.00306533  0.851715
0.00316583  0.921494
0.00326633  0.980191
0.00336683  1.02754
0.00346734  1.07953
0.00356784  1.13619
0.00366834  1.19756
0.00376884  1.26356
0.00386935  1.33433
0.00396985  1.40986
0.00407035  1.49027
0.00417085  1.57544
0.00427136  1.66547
0.00437186  1.76029
0.00447236  1.82983
0.00457286  1.90179
0.00467337  1.97854
0.00477387  2.06013
0.00487437  2.14649
0.00497487  2.23768
0.00507538  2.33369
0.00517588  2.43454
0.00527638  2.54026
0.00537688  2.65079
0.00547739  2.76623
0.00557789  2.87296
0.00567839  2.96536
0.00577889  3.06257
0.0058794  3.16467
0.0059799  3.27162
0.0060804  3.38399
0.0061809  3.50219
0.00628141  3.62639
0.00638191  3.75651
0.00648241  3.89264
0.00658291  4.03481
0.00668342  4.16339
0.00678392  4.27996
0.00688442  4.40249
0.00698492  4.53096
0.00708543  4.66543
0.00718593  4.80606
0.00728643  4.95307
0.00738693  5.10661
0.00748744  5.26654
0.00758794  5.43299
0.00768844  5.60122
0.00778894  5.7407
0.00788945  5.88657
0.00798995  6.03898
0.00809045  6.19774
0.00819095  6.36294
0.00829146  6.53467
0.00839196  6.71276
0.00849246  6.89741
0.00859296  7.08837
0.00869347  7.28592
0.00879397  7.45702
0.00889447  7.62747
0.00899497  7.80441
0.00909548  7.98775
0.00919598  8.17763
0.00929648  8.3738
0.00939698  8.57653
0.00949749  8.7856
0.00959799  9.00117
0.00969849  9.22318
0.00979899  9.4315
0.0098995  9.62647
0.01  9.82784
