0  144.818
0.00251256  134.843
0.00502513  125.277
0.00753769  116.119
0.0100503  107.353
0.0125628  98.978
0.0150754  90.992
0.0175879  83.3937
0.0201005  76.1741
0.0226131  69.3335
0.0251256  62.8712
0.0276382  56.7786
0.0301508  51.0492
0.0326633  45.6821
0.0351759  40.6772
0.0376884  36.0345
0.040201  31.7587
0.0427136  27.8564
0.0452261  24.3277
0.0477387  21.1727
0.0502513  18.3917
0.0527638  15.9859
0.0552764  13.8949
0.0577889  11.9573
0.0603015  10.1633
0.0628141  8.51381
0.0653266  7.00841
0.0678392  5.64785
0.0703518  4.4331
0.0728643  3.36497
0.0753769  2.44352
0.0778894  1.66938
0.080402  1.04375
0.0829146  0.564155
0.0854271  0.229951
0.0879397  0.0418351
0.0904523  0
0.0929648  0.105653
0.0954774  0.359612
0.0979899  0.76264
0.100503  1.3157
0.103015  2.02266
0.105528  2.88541
0.10804  3.90458
0.110553  5.08025
0.113065  6.41365
0.115578  7.90568
0.11809  9.55709
0.120603  11.3691
0.123116  13.3415
0.125628  15.476
0.128141  17.8275
0.130653  20.5536
0.133166  23.6705
0.135678  27.1781
0.138191  31.0766
0.140704  35.3657
0.143216  40.0435
0.145729  45.1015
0.148241  50.5395
0.150754  56.3569
0.153266  62.5548
0.155779  69.1365
0.158291  76.1123
0.160804  83.4848
0.163317  91.2546
0.165829  99.4312
0.168342  108.015
0.170854  117.007
0.173367  126.409
0.175879  136.233
0.178392  146.483
0.180905  157.161
0.183417  168.267
0.18593  179.8
0.188442  191.76
0.190955  204.148
0.193467  216.963
0.19598  230.205
0.198492  243.876
0.201005  257.973
0.203518  272.498
0.20603  287.45
0.208543  302.829
0.211055  318.636
0.213568  334.871
0.21608  351.532
0.218593  368.622
0.221106  386.138
0.223618  404.082
0.226131  422.453
0.228643  441.252
0.231156  460.479
0.233668  480.132
0.236181  500.212
0.238693  520.721
0.241206  541.657
0.243719  563.019
0.246231  584.81
0.248744  607.028
0.251256  629.674
0.253769  652.745
0.256281  676.245
0.258794  700.173
0.261307  724.527
0.263819  749.309
0.266332  774.519
0.268844  800.155
0.271357  826.219
0.273869  852.711
0.276382  879.63
0.278894  906.976
0.281407  934.749
0.28392  962.95
0.286432  991.579
0.288945  1020.64
0.291457  1050.12
0.29397  1080.03
0.296482  1110.37
0.298995  1141.13
0.301508  1172.33
0.30402  1203.95
0.306533  1235.99
0.309045  1268.47
0.311558  1301.37
0.31407  1334.7
0.316583  1368.46
0.319095  1402.64
0.321608  1437.25
0.324121  1472.29
0.326633  1507.76
0.329146  1543.65
0.331658  1579.97
0.334171  1616.72
0.336683  1653.89
0.339196  1691.49
0.341709  1729.52
0.344221  1767.98
0.346734  1806.86
0.349246  1846.18
0.351759  1885.92
0.354271  1926.08
0.356784  1966.68
0.359296  2007.7
0.361809  2049.14
0.364322  2091.02
0.366834  2133.32
0.369347  2176.05
0.371859  2219.21
0.374372  2262.8
0.376884  2306.81
0.379397  2351.25
0.38191  2396.11
0.384422  2441.41
0.386935  2487.13
0.389447  2533.28
0.39196  2579.85
0.394472  2626.86
0.396985  2674.29
0.399497  2722.14
0.40201  2770.43
0.404523  2819.14
0.407035  2868.28
0.409548  2917.85
0.41206  2967.84
0.414573  3018.26
0.417085  3069.11
0.419598  3120.39
0.422111  3172.09
0.424623  3224.22
0.427136  3276.78
0.429648  3329.76
0.432161  3383.17
0.434673  3437.01
0.437186  3491.28
0.439698  3545.97
0.442211  3601.1
0.444724  3656.64
0.447236  3712.62
0.449749  3769.02
0.452261  3825.85
0.454774  3883.11
0.457286  3940.79
0.459799  3998.91
0.462312  4057.44
0.464824  4116.41
0.467337  4175.8
0.469849  4235.62
0.472362  4295.87
0.474874  4356.55
0.477387  4417.65
0.479899  4479.18
0.482412  4541.13
0.484925  4603.52
0.487437  4666.33
0.48995  4729.57
0.492462  4793.23
0.494975  4857.33
0.497487  4921.84
0.5  4986.79
