0.70  44909.55
1.30  32586.62
1.50  40953.64
1.70  48420.78
1.90  54651.85
2.10  60277.26
2.30  65189.09
2.50  67972.82
2.70  68929.60
2.90  68741.30
3.10  67606.53
3.30  64910.36
3.50  60876.11
3.70  56185.50
3.90  52014.86
4.10  48436.29
4.30  45173.69
4.50  41642.85
4.70  37993.04
4.90  33934.18
5.10  29885.05
5.30  25779.87
5.50  21837.40
5.70  18269.56
5.90  15290.76
6.10  12587.78
6.30  9856.63
6.50  7456.47
6.70  5674.58
6.90  4283.67
7.10  3117.36
7.30  2131.99
7.50  1347.29
7.70   862.80
7.90  2868.11
