0  60.5592
0.00251256  56.8035
0.00502513  53.1767
0.00753769  49.6783
0.0100503  46.309
0.0125628  43.0662
0.0150754  39.9477
0.0175879  36.9542
0.0201005  34.0858
0.0226131  31.343
0.0251256  28.7258
0.0276382  26.2344
0.0301508  23.8695
0.0326633  21.6309
0.0351759  19.5192
0.0376884  17.5346
0.040201  15.6773
0.0427136  13.9476
0.0452261  12.3459
0.0477387  10.8595
0.0502513  9.47129
0.0527638  8.18161
0.0552764  6.99053
0.0577889  5.89864
0.0603015  4.90607
0.0628141  4.01309
0.0653266  3.2179
0.0678392  2.51022
0.0703518  1.88907
0.0728643  1.35497
0.0753769  0.908377
0.0778894  0.549423
0.080402  0.278774
0.0829146  0.0967695
0.0854271  0.00362953
0.0879397  0
0.0904523  0.0861154
0.0929648  0.262399
0.0954774  0.529401
0.0979899  0.887251
0.100503  1.33658
0.103015  1.87779
0.105528  2.51107
0.10804  3.23711
0.110553  4.05653
0.113065  4.97839
0.115578  6.00736
0.11809  7.14373
0.120603  8.38767
0.123116  9.7396
0.125628  11.1999
0.128141  12.7689
0.130653  14.4639
0.133166  16.2976
0.135678  18.2705
0.138191  20.3826
0.140704  22.6344
0.143216  25.0261
0.145729  27.5581
0.148241  30.2306
0.150754  33.0438
0.153266  35.9982
0.155779  39.0938
0.158291  42.3313
0.160804  45.7106
0.163317  49.2321
0.165829  52.8962
0.168342  56.7041
0.170854  60.659
0.173367  64.7607
0.175879  69.0104
0.178392  73.4099
0.180905  77.9624
0.183417  82.671
0.18593  87.5356
0.188442  92.5567
0.190955  97.7348
0.193467  103.07
0.19598  108.565
0.198492  114.22
0.201005  120.038
0.203518  126.018
0.20603  132.16
0.208543  138.465
0.211055  144.931
0.213568  151.561
0.21608  158.354
0.218593  165.313
0.221106  172.445
0.223618  179.748
0.226131  187.223
0.228643  194.87
0.231156  202.702
0.233668  210.744
0.236181  218.998
0.238693  227.464
0.241206  236.143
0.243719  245.034
0.246231  254.135
0.248744  263.433
0.251256  272.928
0.253769  282.619
0.256281  292.506
0.258794  302.589
0.261307  312.868
0.263819  323.343
0.266332  334.014
0.268844  344.881
0.271357  355.945
0.273869  367.204
0.276382  378.66
0.278894  390.312
0.281407  402.16
0.28392  414.206
0.286432  426.46
0.288945  438.927
0.291457  451.607
0.29397  464.498
0.296482  477.602
0.298995  490.919
0.301508  504.448
0.30402  518.188
0.306533  532.142
0.309045  546.307
0.311558  560.685
0.31407  575.275
0.316583  590.077
0.319095  605.093
0.321608  620.32
0.324121  635.759
0.326633  651.41
0.329146  667.275
0.331658  683.35
0.334171  699.639
0.336683  716.14
0.339196  732.853
0.341709  749.778
0.344221  766.917
0.346734  784.266
0.349246  801.829
0.351759  819.603
0.354271  837.59
0.356784  855.789
0.359296  874.2
0.361809  892.824
0.364322  911.66
0.366834  930.709
0.369347  949.969
0.371859  969.442
0.374372  989.127
0.376884  1009.02
0.379397  1029.13
0.38191  1049.46
0.384422  1069.99
0.386935  1090.74
0.389447  1111.7
0.39196  1132.87
0.394472  1154.25
0.396985  1175.85
0.399497  1197.65
0.40201  1219.67
0.404523  1241.91
0.407035  1264.35
0.409548  1287.01
0.41206  1309.88
0.414573  1332.96
0.417085  1356.25
0.419598  1379.76
0.422111  1403.48
0.424623  1427.41
0.427136  1451.55
0.429648  1475.91
0.432161  1500.48
0.434673  1525.26
0.437186  1550.25
0.439698  1575.45
0.442211  1600.87
0.444724  1626.5
0.447236  1652.34
0.449749  1678.39
0.452261  1704.66
0.454774  1731.14
0.457286  1757.83
0.459799  1784.73
0.462312  1811.84
0.464824  1839.17
0.467337  1866.71
0.469849  1894.46
0.472362  1922.43
0.474874  1950.6
0.477387  1978.99
0.479899  2007.59
0.482412  2036.4
0.484925  2065.43
0.487437  2094.67
0.48995  2124.12
0.492462  2153.78
0.494975  2183.65
0.497487  2213.74
0.5  2244.04
