0.01	0.9915	8.54e+05
0.010046	0.99146	8.54e+05
0.010093	0.99143	8.54e+05
0.010139	0.99139	8.5401e+05
0.010186	0.99136	8.5401e+05
0.010233	0.99133	8.5401e+05
0.01028	0.99129	8.5402e+05
0.010328	0.99126	8.5402e+05
0.010376	0.99122	8.5402e+05
0.010424	0.99118	8.5402e+05
0.010472	0.99115	8.5403e+05
0.01052	0.99111	8.5403e+05
0.010569	0.99108	8.5403e+05
0.010618	0.99104	8.5404e+05
0.010667	0.99101	8.5404e+05
0.010716	0.99097	8.5404e+05
0.010765	0.99093	8.5404e+05
0.010815	0.9909	8.5405e+05
0.010865	0.99086	8.5405e+05
0.010915	0.99082	8.5405e+05
0.010966	0.99078	8.5406e+05
0.011016	0.99075	8.5406e+05
0.011067	0.99071	8.5406e+05
0.011118	0.99067	8.5407e+05
0.01117	0.99063	8.5407e+05
0.011221	0.9906	8.5407e+05
0.011273	0.99056	8.5407e+05
0.011325	0.99052	8.5408e+05
0.011378	0.99048	8.5408e+05
0.01143	0.99044	8.5408e+05
0.011483	0.9904	8.5409e+05
0.011536	0.99036	8.5409e+05
0.011589	0.99032	8.5409e+05
0.011643	0.99028	8.541e+05
0.011697	0.99025	8.541e+05
0.011751	0.99021	8.541e+05
0.011805	0.99017	8.5411e+05
0.01186	0.99013	8.5411e+05
0.011915	0.99008	8.5411e+05
0.01197	0.99004	8.5412e+05
0.012025	0.99	8.5412e+05
0.01208	0.98996	8.5412e+05
0.012136	0.98992	8.5413e+05
0.012192	0.98988	8.5413e+05
0.012249	0.98984	8.5413e+05
0.012305	0.9898	8.5414e+05
0.012362	0.98975	8.5414e+05
0.012419	0.98971	8.5414e+05
0.012477	0.98967	8.5415e+05
0.012534	0.98963	8.5415e+05
0.012592	0.98958	8.5415e+05
0.01265	0.98954	8.5416e+05
0.012709	0.9895	8.5416e+05
0.012768	0.98946	8.5416e+05
0.012826	0.98941	8.5417e+05
0.012886	0.98937	8.5417e+05
0.012945	0.98932	8.5417e+05
0.013005	0.98928	8.5418e+05
0.013065	0.98924	8.5418e+05
0.013126	0.98919	8.5419e+05
0.013186	0.98915	8.5419e+05
0.013247	0.9891	8.5419e+05
0.013308	0.98906	8.542e+05
0.01337	0.98901	8.542e+05
0.013432	0.98897	8.542e+05
0.013494	0.98892	8.5421e+05
0.013556	0.98887	8.5421e+05
0.013619	0.98883	8.5421e+05
0.013682	0.98878	8.5422e+05
0.013745	0.98873	8.5422e+05
0.013808	0.98869	8.5423e+05
0.013872	0.98864	8.5423e+05
0.013936	0.98859	8.5423e+05
0.014001	0.98855	8.5424e+05
0.014065	0.9885	8.5424e+05
0.01413	0.98845	8.5425e+05
0.014196	0.9884	8.5425e+05
0.014261	0.98835	8.5425e+05
0.014327	0.9883	8.5426e+05
0.014393	0.98826	8.5426e+05
0.01446	0.98821	8.5426e+05
0.014527	0.98816	8.5427e+05
0.014594	0.98811	8.5427e+05
0.014661	0.98806	8.5428e+05
0.014729	0.98801	8.5428e+05
0.014797	0.98796	8.5428e+05
0.014865	0.98791	8.5429e+05
0.014934	0.98786	8.5429e+05
0.015003	0.98781	8.543e+05
0.015072	0.98775	8.543e+05
0.015142	0.9877	8.5431e+05
0.015212	0.98765	8.5431e+05
0.015282	0.9876	8.5431e+05
0.015353	0.98755	8.5432e+05
0.015424	0.9875	8.5432e+05
0.015495	0.98744	8.5433e+05
0.015567	0.98739	8.5433e+05
0.015638	0.98734	8.5433e+05
0.015711	0.98728	8.5434e+05
0.015783	0.98723	8.5434e+05
0.015856	0.98718	8.5435e+05
0.01593	0.98712	8.5435e+05
0.016003	0.98707	8.5436e+05
0.016077	0.98701	8.5436e+05
0.016151	0.98696	8.5437e+05
0.016226	0.9869	8.5437e+05
0.016301	0.98685	8.5437e+05
0.016376	0.98679	8.5438e+05
0.016452	0.98674	8.5438e+05
0.016528	0.98668	8.5439e+05
0.016604	0.98662	8.5439e+05
0.016681	0.98657	8.544e+05
0.016758	0.98651	8.544e+05
0.016836	0.98645	8.5441e+05
0.016913	0.9864	8.5441e+05
0.016991	0.98634	8.5442e+05
0.01707	0.98628	8.5442e+05
0.017149	0.98622	8.5442e+05
0.017228	0.98616	8.5443e+05
0.017308	0.98611	8.5443e+05
0.017388	0.98605	8.5444e+05
0.017468	0.98599	8.5444e+05
0.017549	0.98593	8.5445e+05
0.01763	0.98587	8.5445e+05
0.017711	0.98581	8.5446e+05
0.017793	0.98575	8.5446e+05
0.017875	0.98569	8.5447e+05
0.017958	0.98563	8.5447e+05
0.018041	0.98556	8.5448e+05
0.018124	0.9855	8.5448e+05
0.018208	0.98544	8.5449e+05
0.018292	0.98538	8.5449e+05
0.018377	0.98532	8.545e+05
0.018461	0.98525	8.545e+05
0.018547	0.98519	8.5451e+05
0.018632	0.98513	8.5451e+05
0.018719	0.98506	8.5452e+05
0.018805	0.985	8.5452e+05
0.018892	0.98494	8.5453e+05
0.018979	0.98487	8.5453e+05
0.019067	0.98481	8.5454e+05
0.019155	0.98474	8.5454e+05
0.019244	0.98468	8.5455e+05
0.019332	0.98461	8.5455e+05
0.019422	0.98455	8.5456e+05
0.019511	0.98448	8.5457e+05
0.019602	0.98441	8.5457e+05
0.019692	0.98435	8.5458e+05
0.019783	0.98428	8.5458e+05
0.019875	0.98421	8.5459e+05
0.019966	0.98414	8.5459e+05
0.020059	0.98408	8.546e+05
0.020151	0.98401	8.546e+05
0.020244	0.98394	8.5461e+05
0.020338	0.98387	8.5461e+05
0.020432	0.9838	8.5462e+05
0.020526	0.98373	8.5463e+05
0.020621	0.98366	8.5463e+05
0.020716	0.98359	8.5464e+05
0.020812	0.98352	8.5464e+05
0.020908	0.98345	8.5465e+05
0.021005	0.98338	8.5465e+05
0.021102	0.98331	8.5466e+05
0.0212	0.98323	8.5467e+05
0.021297	0.98316	8.5467e+05
0.021396	0.98309	8.5468e+05
0.021495	0.98302	8.5468e+05
0.021594	0.98294	8.5469e+05
0.021694	0.98287	8.547e+05
0.021794	0.98279	8.547e+05
0.021895	0.98272	8.5471e+05
0.021996	0.98265	8.5471e+05
0.022098	0.98257	8.5472e+05
0.0222	0.9825	8.5473e+05
0.022302	0.98242	8.5473e+05
0.022405	0.98234	8.5474e+05
0.022509	0.98227	8.5474e+05
0.022613	0.98219	8.5475e+05
0.022717	0.98211	8.5476e+05
0.022822	0.98204	8.5476e+05
0.022928	0.98196	8.5477e+05
0.023034	0.98188	8.5478e+05
0.02314	0.9818	8.5478e+05
0.023247	0.98172	8.5479e+05
0.023354	0.98164	8.5479e+05
0.023462	0.98156	8.548e+05
0.023571	0.98148	8.5481e+05
0.02368	0.9814	8.5481e+05
0.023789	0.98132	8.5482e+05
0.023899	0.98124	8.5483e+05
0.024009	0.98116	8.5483e+05
0.02412	0.98108	8.5484e+05
0.024232	0.981	8.5485e+05
0.024344	0.98091	8.5485e+05
0.024456	0.98083	8.5486e+05
0.024569	0.98075	8.5487e+05
0.024683	0.98066	8.5487e+05
0.024797	0.98058	8.5488e+05
0.024911	0.98049	8.5489e+05
0.025026	0.98041	8.5489e+05
0.025142	0.98032	8.549e+05
0.025258	0.98024	8.5491e+05
0.025375	0.98015	8.5492e+05
0.025492	0.98007	8.5492e+05
0.02561	0.97998	8.5493e+05
0.025728	0.97989	8.5494e+05
0.025847	0.9798	8.5494e+05
0.025967	0.97972	8.5495e+05
0.026087	0.97963	8.5496e+05
0.026207	0.97954	8.5496e+05
0.026328	0.97945	8.5497e+05
0.02645	0.97936	8.5498e+05
0.026572	0.97927	8.5499e+05
0.026695	0.97918	8.5499e+05
0.026818	0.97909	8.55e+05
0.026942	0.979	8.5501e+05
0.027067	0.9789	8.5502e+05
0.027192	0.97881	8.5502e+05
0.027317	0.97872	8.5503e+05
0.027443	0.97863	8.5504e+05
0.02757	0.97853	8.5505e+05
0.027698	0.97844	8.5505e+05
0.027826	0.97834	8.5506e+05
0.027954	0.97825	8.5507e+05
0.028083	0.97815	8.5508e+05
0.028213	0.97806	8.5508e+05
0.028343	0.97796	8.5509e+05
0.028474	0.97787	8.551e+05
0.028606	0.97777	8.5511e+05
0.028738	0.97767	8.5512e+05
0.028871	0.97757	8.5512e+05
0.029004	0.97747	8.5513e+05
0.029138	0.97738	8.5514e+05
0.029273	0.97728	8.5515e+05
0.029408	0.97718	8.5516e+05
0.029544	0.97708	8.5516e+05
0.029681	0.97698	8.5517e+05
0.029818	0.97687	8.5518e+05
0.029955	0.97677	8.5519e+05
0.030094	0.97667	8.552e+05
0.030233	0.97657	8.552e+05
0.030373	0.97646	8.5521e+05
0.030513	0.97636	8.5522e+05
0.030654	0.97626	8.5523e+05
0.030796	0.97615	8.5524e+05
0.030938	0.97605	8.5525e+05
0.031081	0.97594	8.5526e+05
0.031224	0.97584	8.5526e+05
0.031369	0.97573	8.5527e+05
0.031514	0.97562	8.5528e+05
0.031659	0.97552	8.5529e+05
0.031806	0.97541	8.553e+05
0.031952	0.9753	8.5531e+05
0.0321	0.97519	8.5532e+05
0.032248	0.97508	8.5533e+05
0.032397	0.97497	8.5533e+05
0.032547	0.97486	8.5534e+05
0.032697	0.97475	8.5535e+05
0.032849	0.97464	8.5536e+05
0.033	0.97453	8.5537e+05
0.033153	0.97441	8.5538e+05
0.033306	0.9743	8.5539e+05
0.03346	0.97419	8.554e+05
0.033614	0.97407	8.5541e+05
0.03377	0.97396	8.5542e+05
0.033926	0.97384	8.5543e+05
0.034083	0.97373	8.5543e+05
0.03424	0.97361	8.5544e+05
0.034398	0.97349	8.5545e+05
0.034557	0.97338	8.5546e+05
0.034717	0.97326	8.5547e+05
0.034877	0.97314	8.5548e+05
0.035038	0.97302	8.5549e+05
0.0352	0.9729	8.555e+05
0.035363	0.97278	8.5551e+05
0.035526	0.97266	8.5552e+05
0.03569	0.97254	8.5553e+05
0.035855	0.97242	8.5554e+05
0.036021	0.9723	8.5555e+05
0.036187	0.97217	8.5556e+05
0.036355	0.97205	8.5557e+05
0.036523	0.97193	8.5558e+05
0.036691	0.9718	8.5559e+05
0.036861	0.97168	8.556e+05
0.037031	0.97155	8.5561e+05
0.037202	0.97142	8.5562e+05
0.037374	0.9713	8.5563e+05
0.037547	0.97117	8.5564e+05
0.03772	0.97104	8.5565e+05
0.037895	0.97091	8.5566e+05
0.03807	0.97078	8.5567e+05
0.038246	0.97066	8.5568e+05
0.038422	0.97052	8.5569e+05
0.0386	0.97039	8.557e+05
0.038778	0.97026	8.5571e+05
0.038957	0.97013	8.5573e+05
0.039137	0.97	8.5574e+05
0.039318	0.96986	8.5575e+05
0.0395	0.96973	8.5576e+05
0.039682	0.96959	8.5577e+05
0.039866	0.96946	8.5578e+05
0.04005	0.96932	8.5579e+05
0.040235	0.96919	8.558e+05
0.040421	0.96905	8.5581e+05
0.040608	0.96891	8.5582e+05
0.040795	0.96877	8.5584e+05
0.040984	0.96863	8.5585e+05
0.041173	0.96849	8.5586e+05
0.041363	0.96835	8.5587e+05
0.041555	0.96821	8.5588e+05
0.041747	0.96807	8.5589e+05
0.041939	0.96793	8.559e+05
0.042133	0.96779	8.5591e+05
0.042328	0.96764	8.5593e+05
0.042523	0.9675	8.5594e+05
0.04272	0.96735	8.5595e+05
0.042917	0.96721	8.5596e+05
0.043116	0.96706	8.5597e+05
0.043315	0.96691	8.5599e+05
0.043515	0.96677	8.56e+05
0.043716	0.96662	8.5601e+05
0.043918	0.96647	8.5602e+05
0.044121	0.96632	8.5603e+05
0.044325	0.96617	8.5605e+05
0.04453	0.96602	8.5606e+05
0.044735	0.96587	8.5607e+05
0.044942	0.96571	8.5608e+05
0.04515	0.96556	8.5609e+05
0.045358	0.96541	8.5611e+05
0.045568	0.96525	8.5612e+05
0.045778	0.9651	8.5613e+05
0.04599	0.96494	8.5615e+05
0.046202	0.96478	8.5616e+05
0.046416	0.96463	8.5617e+05
0.04663	0.96447	8.5618e+05
0.046846	0.96431	8.562e+05
0.047062	0.96415	8.5621e+05
0.04728	0.96399	8.5622e+05
0.047498	0.96383	8.5624e+05
0.047718	0.96367	8.5625e+05
0.047938	0.9635	8.5626e+05
0.04816	0.96334	8.5627e+05
0.048382	0.96318	8.5629e+05
0.048606	0.96301	8.563e+05
0.04883	0.96284	8.5631e+05
0.049056	0.96268	8.5633e+05
0.049282	0.96251	8.5634e+05
0.04951	0.96234	8.5636e+05
0.049739	0.96217	8.5637e+05
0.049969	0.962	8.5638e+05
0.0502	0.96183	8.564e+05
0.050432	0.96166	8.5641e+05
0.050665	0.96149	8.5642e+05
0.050899	0.96132	8.5644e+05
0.051134	0.96114	8.5645e+05
0.05137	0.96097	8.5647e+05
0.051607	0.9608	8.5648e+05
0.051846	0.96062	8.5649e+05
0.052085	0.96044	8.5651e+05
0.052326	0.96027	8.5652e+05
0.052568	0.96009	8.5654e+05
0.052811	0.95991	8.5655e+05
0.053055	0.95973	8.5657e+05
0.0533	0.95955	8.5658e+05
0.053546	0.95936	8.566e+05
0.053794	0.95918	8.5661e+05
0.054042	0.959	8.5663e+05
0.054292	0.95881	8.5664e+05
0.054543	0.95863	8.5666e+05
0.054795	0.95844	8.5667e+05
0.055048	0.95826	8.5669e+05
0.055302	0.95807	8.567e+05
0.055558	0.95788	8.5672e+05
0.055814	0.95769	8.5673e+05
0.056072	0.9575	8.5675e+05
0.056331	0.95731	8.5676e+05
0.056592	0.95712	8.5678e+05
0.056853	0.95692	8.5679e+05
0.057116	0.95673	8.5681e+05
0.05738	0.95654	8.5683e+05
0.057645	0.95634	8.5684e+05
0.057911	0.95614	8.5686e+05
0.058179	0.95595	8.5687e+05
0.058448	0.95575	8.5689e+05
0.058718	0.95555	8.5691e+05
0.058989	0.95535	8.5692e+05
0.059262	0.95515	8.5694e+05
0.059535	0.95495	8.5695e+05
0.05981	0.95474	8.5697e+05
0.060087	0.95454	8.5699e+05
0.060364	0.95433	8.57e+05
0.060643	0.95413	8.5702e+05
0.060923	0.95392	8.5704e+05
0.061205	0.95371	8.5705e+05
0.061488	0.9535	8.5707e+05
0.061772	0.9533	8.5709e+05
0.062057	0.95308	8.5711e+05
0.062344	0.95287	8.5712e+05
0.062632	0.95266	8.5714e+05
0.062921	0.95245	8.5716e+05
0.063212	0.95223	8.5717e+05
0.063504	0.95202	8.5719e+05
0.063798	0.9518	8.5721e+05
0.064092	0.95158	8.5723e+05
0.064389	0.95136	8.5724e+05
0.064686	0.95114	8.5726e+05
0.064985	0.95092	8.5728e+05
0.065285	0.9507	8.573e+05
0.065587	0.95048	8.5732e+05
0.06589	0.95026	8.5733e+05
0.066194	0.95003	8.5735e+05
0.0665	0.94981	8.5737e+05
0.066807	0.94958	8.5739e+05
0.067116	0.94935	8.5741e+05
0.067426	0.94912	8.5743e+05
0.067738	0.94889	8.5744e+05
0.068051	0.94866	8.5746e+05
0.068365	0.94843	8.5748e+05
0.068681	0.9482	8.575e+05
0.068998	0.94796	8.5752e+05
0.069317	0.94773	8.5754e+05
0.069637	0.94749	8.5756e+05
0.069959	0.94725	8.5758e+05
0.070282	0.94702	8.576e+05
0.070607	0.94678	8.5762e+05
0.070933	0.94654	8.5764e+05
0.071261	0.94629	8.5766e+05
0.07159	0.94605	8.5768e+05
0.071921	0.94581	8.577e+05
0.072253	0.94556	8.5772e+05
0.072587	0.94531	8.5774e+05
0.072923	0.94507	8.5776e+05
0.07326	0.94482	8.5778e+05
0.073598	0.94457	8.578e+05
0.073938	0.94432	8.5782e+05
0.07428	0.94407	8.5784e+05
0.074623	0.94381	8.5786e+05
0.074968	0.94356	8.5788e+05
0.075314	0.9433	8.579e+05
0.075662	0.94305	8.5792e+05
0.076012	0.94279	8.5794e+05
0.076363	0.94253	8.5796e+05
0.076716	0.94227	8.5798e+05
0.07707	0.94201	8.58e+05
0.077426	0.94174	8.5802e+05
0.077784	0.94148	8.5805e+05
0.078144	0.94121	8.5807e+05
0.078505	0.94095	8.5809e+05
0.078867	0.94068	8.5811e+05
0.079232	0.94041	8.5813e+05
0.079598	0.94014	8.5815e+05
0.079966	0.93987	8.5818e+05
0.080335	0.9396	8.582e+05
0.080706	0.93932	8.5822e+05
0.081079	0.93905	8.5824e+05
0.081454	0.93877	8.5827e+05
0.08183	0.93849	8.5829e+05
0.082208	0.93822	8.5831e+05
0.082588	0.93794	8.5833e+05
0.08297	0.93765	8.5836e+05
0.083353	0.93737	8.5838e+05
0.083738	0.93709	8.584e+05
0.084125	0.9368	8.5843e+05
0.084514	0.93651	8.5845e+05
0.084904	0.93623	8.5847e+05
0.085296	0.93594	8.585e+05
0.085691	0.93565	8.5852e+05
0.086086	0.93535	8.5854e+05
0.086484	0.93506	8.5857e+05
0.086884	0.93477	8.5859e+05
0.087285	0.93447	8.5862e+05
0.087689	0.93417	8.5864e+05
0.088094	0.93387	8.5866e+05
0.088501	0.93357	8.5869e+05
0.08891	0.93327	8.5871e+05
0.08932	0.93297	8.5874e+05
0.089733	0.93266	8.5876e+05
0.090148	0.93236	8.5879e+05
0.090564	0.93205	8.5881e+05
0.090983	0.93174	8.5884e+05
0.091403	0.93143	8.5886e+05
0.091825	0.93112	8.5889e+05
0.09225	0.93081	8.5891e+05
0.092676	0.93049	8.5894e+05
0.093104	0.93018	8.5896e+05
0.093534	0.92986	8.5899e+05
0.093966	0.92954	8.5902e+05
0.094401	0.92922	8.5904e+05
0.094837	0.9289	8.5907e+05
0.095275	0.92857	8.5909e+05
0.095715	0.92825	8.5912e+05
0.096157	0.92792	8.5915e+05
0.096602	0.92759	8.5917e+05
0.097048	0.92727	8.592e+05
0.097496	0.92693	8.5923e+05
0.097947	0.9266	8.5925e+05
0.0984	0.92627	8.5928e+05
0.098854	0.92593	8.5931e+05
0.099311	0.9256	8.5934e+05
0.09977	0.92526	8.5936e+05
0.10023	0.92492	8.5939e+05
0.10069	0.92458	8.5942e+05
0.10116	0.92423	8.5945e+05
0.10163	0.92389	8.5947e+05
0.1021	0.92354	8.595e+05
0.10257	0.92319	8.5953e+05
0.10304	0.92284	8.5956e+05
0.10352	0.92249	8.5959e+05
0.104	0.92214	8.5962e+05
0.10448	0.92178	8.5965e+05
0.10496	0.92143	8.5967e+05
0.10544	0.92107	8.597e+05
0.10593	0.92071	8.5973e+05
0.10642	0.92035	8.5976e+05
0.10691	0.91999	8.5979e+05
0.10741	0.91962	8.5982e+05
0.1079	0.91926	8.5985e+05
0.1084	0.91889	8.5988e+05
0.1089	0.91852	8.5991e+05
0.10941	0.91815	8.5994e+05
0.10991	0.91777	8.5997e+05
0.11042	0.9174	8.6e+05
0.11093	0.91702	8.6003e+05
0.11144	0.91664	8.6006e+05
0.11196	0.91627	8.6009e+05
0.11247	0.91588	8.6013e+05
0.11299	0.9155	8.6016e+05
0.11352	0.91511	8.6019e+05
0.11404	0.91473	8.6022e+05
0.11457	0.91434	8.6025e+05
0.1151	0.91395	8.6028e+05
0.11563	0.91356	8.6032e+05
0.11616	0.91316	8.6035e+05
0.1167	0.91277	8.6038e+05
0.11724	0.91237	8.6041e+05
0.11778	0.91197	8.6044e+05
0.11832	0.91157	8.6048e+05
0.11887	0.91116	8.6051e+05
0.11942	0.91076	8.6054e+05
0.11997	0.91035	8.6058e+05
0.12053	0.90994	8.6061e+05
0.12108	0.90953	8.6064e+05
0.12164	0.90912	8.6068e+05
0.1222	0.9087	8.6071e+05
0.12277	0.90829	8.6074e+05
0.12334	0.90787	8.6078e+05
0.12391	0.90745	8.6081e+05
0.12448	0.90703	8.6085e+05
0.12505	0.9066	8.6088e+05
0.12563	0.90617	8.6092e+05
0.12621	0.90575	8.6095e+05
0.1268	0.90532	8.6099e+05
0.12738	0.90488	8.6102e+05
0.12797	0.90445	8.6106e+05
0.12856	0.90401	8.6109e+05
0.12915	0.90357	8.6113e+05
0.12975	0.90313	8.6116e+05
0.13035	0.90269	8.612e+05
0.13095	0.90225	8.6124e+05
0.13156	0.9018	8.6127e+05
0.13217	0.90135	8.6131e+05
0.13278	0.9009	8.6135e+05
0.13339	0.90045	8.6138e+05
0.13401	0.89999	8.6142e+05
0.13463	0.89954	8.6146e+05
0.13525	0.89908	8.6149e+05
0.13587	0.89862	8.6153e+05
0.1365	0.89815	8.6157e+05
0.13713	0.89769	8.6161e+05
0.13777	0.89722	8.6165e+05
0.1384	0.89675	8.6168e+05
0.13904	0.89628	8.6172e+05
0.13968	0.89581	8.6176e+05
0.14033	0.89533	8.618e+05
0.14098	0.89485	8.6184e+05
0.14163	0.89437	8.6188e+05
0.14228	0.89389	8.6192e+05
0.14294	0.8934	8.6196e+05
0.1436	0.89292	8.62e+05
0.14426	0.89243	8.6204e+05
0.14493	0.89193	8.6208e+05
0.1456	0.89144	8.6212e+05
0.14627	0.89094	8.6216e+05
0.14695	0.89044	8.622e+05
0.14763	0.88994	8.6224e+05
0.14831	0.88944	8.6228e+05
0.149	0.88893	8.6232e+05
0.14968	0.88843	8.6236e+05
0.15038	0.88792	8.624e+05
0.15107	0.8874	8.6245e+05
0.15177	0.88689	8.6249e+05
0.15247	0.88637	8.6253e+05
0.15317	0.88585	8.6257e+05
0.15388	0.88533	8.6262e+05
0.15459	0.8848	8.6266e+05
0.15531	0.88428	8.627e+05
0.15602	0.88375	8.6274e+05
0.15675	0.88322	8.6279e+05
0.15747	0.88268	8.6283e+05
0.1582	0.88215	8.6288e+05
0.15893	0.88161	8.6292e+05
0.15966	0.88106	8.6296e+05
0.1604	0.88052	8.6301e+05
0.16114	0.87997	8.6305e+05
0.16189	0.87942	8.631e+05
0.16263	0.87887	8.6314e+05
0.16339	0.87832	8.6319e+05
0.16414	0.87776	8.6323e+05
0.1649	0.8772	8.6328e+05
0.16566	0.87664	8.6333e+05
0.16643	0.87607	8.6337e+05
0.16719	0.87551	8.6342e+05
0.16797	0.87494	8.6346e+05
0.16874	0.87436	8.6351e+05
0.16952	0.87379	8.6356e+05
0.17031	0.87321	8.6361e+05
0.17109	0.87263	8.6365e+05
0.17188	0.87205	8.637e+05
0.17268	0.87146	8.6375e+05
0.17348	0.87087	8.638e+05
0.17428	0.87028	8.6385e+05
0.17508	0.86969	8.6389e+05
0.17589	0.86909	8.6394e+05
0.1767	0.86849	8.6399e+05
0.17752	0.86789	8.6404e+05
0.17834	0.86728	8.6409e+05
0.17917	0.86667	8.6414e+05
0.17999	0.86606	8.6419e+05
0.18082	0.86545	8.6424e+05
0.18166	0.86483	8.6429e+05
0.1825	0.86421	8.6434e+05
0.18334	0.86359	8.6439e+05
0.18419	0.86297	8.6444e+05
0.18504	0.86234	8.6449e+05
0.1859	0.86171	8.6455e+05
0.18675	0.86107	8.646e+05
0.18762	0.86044	8.6465e+05
0.18848	0.8598	8.647e+05
0.18936	0.85915	8.6476e+05
0.19023	0.85851	8.6481e+05
0.19111	0.85786	8.6486e+05
0.19199	0.85721	8.6491e+05
0.19288	0.85655	8.6497e+05
0.19377	0.8559	8.6502e+05
0.19467	0.85524	8.6508e+05
0.19557	0.85457	8.6513e+05
0.19647	0.85391	8.6519e+05
0.19738	0.85324	8.6524e+05
0.19829	0.85256	8.653e+05
0.1992	0.85189	8.6535e+05
0.20012	0.85121	8.6541e+05
0.20105	0.85053	8.6546e+05
0.20198	0.84984	8.6552e+05
0.20291	0.84915	8.6557e+05
0.20385	0.84846	8.6563e+05
0.20479	0.84776	8.6569e+05
0.20574	0.84707	8.6575e+05
0.20669	0.84637	8.658e+05
0.20764	0.84566	8.6586e+05
0.2086	0.84495	8.6592e+05
0.20957	0.84424	8.6598e+05
0.21053	0.84353	8.6604e+05
0.21151	0.84281	8.6609e+05
0.21248	0.84209	8.6615e+05
0.21347	0.84136	8.6621e+05
0.21445	0.84064	8.6627e+05
0.21544	0.83991	8.6633e+05
0.21644	0.83917	8.6639e+05
0.21744	0.83843	8.6645e+05
0.21844	0.83769	8.6651e+05
0.21945	0.83695	8.6658e+05
0.22047	0.8362	8.6664e+05
0.22149	0.83545	8.667e+05
0.22251	0.83469	8.6676e+05
0.22354	0.83393	8.6682e+05
0.22457	0.83317	8.6689e+05
0.22561	0.83241	8.6695e+05
0.22665	0.83164	8.6701e+05
0.2277	0.83086	8.6707e+05
0.22875	0.83009	8.6714e+05
0.22981	0.82931	8.672e+05
0.23087	0.82852	8.6727e+05
0.23193	0.82774	8.6733e+05
0.23301	0.82695	8.674e+05
0.23408	0.82615	8.6746e+05
0.23516	0.82535	8.6753e+05
0.23625	0.82455	8.6759e+05
0.23734	0.82375	8.6766e+05
0.23844	0.82294	8.6773e+05
0.23954	0.82212	8.6779e+05
0.24065	0.82131	8.6786e+05
0.24176	0.82049	8.6793e+05
0.24288	0.81966	8.68e+05
0.244	0.81884	8.6806e+05
0.24513	0.818	8.6813e+05
0.24626	0.81717	8.682e+05
0.2474	0.81633	8.6827e+05
0.24854	0.81548	8.6834e+05
0.24969	0.81464	8.6841e+05
0.25084	0.81379	8.6848e+05
0.252	0.81293	8.6855e+05
0.25316	0.81207	8.6862e+05
0.25433	0.81121	8.6869e+05
0.25551	0.81034	8.6876e+05
0.25669	0.80947	8.6883e+05
0.25788	0.8086	8.6891e+05
0.25907	0.80772	8.6898e+05
0.26026	0.80683	8.6905e+05
0.26147	0.80595	8.6912e+05
0.26268	0.80505	8.692e+05
0.26389	0.80416	8.6927e+05
0.26511	0.80326	8.6934e+05
0.26633	0.80236	8.6942e+05
0.26756	0.80145	8.6949e+05
0.2688	0.80054	8.6957e+05
0.27004	0.79962	8.6964e+05
0.27129	0.7987	8.6972e+05
0.27254	0.79777	8.698e+05
0.2738	0.79684	8.6987e+05
0.27507	0.79591	8.6995e+05
0.27634	0.79497	8.7003e+05
0.27762	0.79403	8.7011e+05
0.2789	0.79308	8.7018e+05
0.28019	0.79213	8.7026e+05
0.28148	0.79118	8.7034e+05
0.28278	0.79022	8.7042e+05
0.28409	0.78926	8.705e+05
0.2854	0.78829	8.7058e+05
0.28672	0.78731	8.7066e+05
0.28804	0.78634	8.7074e+05
0.28938	0.78535	8.7082e+05
0.29071	0.78437	8.709e+05
0.29206	0.78338	8.7098e+05
0.2934	0.78238	8.7107e+05
0.29476	0.78138	8.7115e+05
0.29612	0.78038	8.7123e+05
0.29749	0.77937	8.7131e+05
0.29887	0.77835	8.714e+05
0.30025	0.77733	8.7148e+05
0.30163	0.77631	8.7157e+05
0.30303	0.77528	8.7165e+05
0.30443	0.77425	8.7174e+05
0.30583	0.77321	8.7182e+05
0.30725	0.77217	8.7191e+05
0.30867	0.77112	8.72e+05
0.31009	0.77007	8.7208e+05
0.31153	0.76901	8.7217e+05
0.31296	0.76795	8.7226e+05
0.31441	0.76688	8.7235e+05
0.31586	0.76581	8.7243e+05
0.31732	0.76473	8.7252e+05
0.31879	0.76365	8.7261e+05
0.32026	0.76256	8.727e+05
0.32174	0.76147	8.7279e+05
0.32323	0.76038	8.7288e+05
0.32472	0.75927	8.7298e+05
0.32622	0.75817	8.7307e+05
0.32773	0.75706	8.7316e+05
0.32924	0.75594	8.7325e+05
0.33076	0.75482	8.7334e+05
0.33229	0.75369	8.7344e+05
0.33383	0.75256	8.7353e+05
0.33537	0.75142	8.7363e+05
0.33692	0.75027	8.7372e+05
0.33848	0.74913	8.7382e+05
0.34004	0.74797	8.7391e+05
0.34161	0.74681	8.7401e+05
0.34319	0.74565	8.741e+05
0.34478	0.74448	8.742e+05
0.34637	0.7433	8.743e+05
0.34797	0.74212	8.744e+05
0.34958	0.74093	8.7449e+05
0.35119	0.73974	8.7459e+05
0.35282	0.73855	8.7469e+05
0.35445	0.73734	8.7479e+05
0.35608	0.73613	8.7489e+05
0.35773	0.73492	8.7499e+05
0.35938	0.7337	8.7509e+05
0.36104	0.73248	8.752e+05
0.36271	0.73125	8.753e+05
0.36439	0.73001	8.754e+05
0.36607	0.72877	8.755e+05
0.36776	0.72752	8.7561e+05
0.36946	0.72627	8.7571e+05
0.37117	0.72501	8.7582e+05
0.37288	0.72374	8.7592e+05
0.37461	0.72247	8.7603e+05
0.37634	0.72119	8.7613e+05
0.37807	0.71991	8.7624e+05
0.37982	0.71862	8.7635e+05
0.38158	0.71733	8.7645e+05
0.38334	0.71602	8.7656e+05
0.38511	0.71472	8.7667e+05
0.38689	0.7134	8.7678e+05
0.38868	0.71209	8.7689e+05
0.39047	0.71076	8.77e+05
0.39228	0.70943	8.7711e+05
0.39409	0.70809	8.7722e+05
0.39591	0.70675	8.7733e+05
0.39774	0.7054	8.7745e+05
0.39958	0.70404	8.7756e+05
0.40142	0.70268	8.7767e+05
0.40328	0.70131	8.7779e+05
0.40514	0.69994	8.779e+05
0.40701	0.69856	8.7802e+05
0.40889	0.69717	8.7813e+05
0.41078	0.69578	8.7825e+05
0.41268	0.69438	8.7836e+05
0.41459	0.69297	8.7848e+05
0.4165	0.69156	8.786e+05
0.41843	0.69014	8.7872e+05
0.42036	0.68871	8.7884e+05
0.4223	0.68728	8.7896e+05
0.42426	0.68584	8.7908e+05
0.42622	0.68439	8.792e+05
0.42819	0.68294	8.7932e+05
0.43016	0.68148	8.7944e+05
0.43215	0.68001	8.7956e+05
0.43415	0.67854	8.7968e+05
0.43615	0.67706	8.7981e+05
0.43817	0.67557	8.7993e+05
0.44019	0.67408	8.8006e+05
0.44223	0.67258	8.8018e+05
0.44427	0.67107	8.8031e+05
0.44632	0.66955	8.8043e+05
0.44839	0.66803	8.8056e+05
0.45046	0.6665	8.8069e+05
0.45254	0.66497	8.8082e+05
0.45463	0.66343	8.8095e+05
0.45673	0.66188	8.8108e+05
0.45884	0.66032	8.8121e+05
0.46096	0.65876	8.8134e+05
0.46309	0.65718	8.8147e+05
0.46523	0.65561	8.816e+05
0.46738	0.65402	8.8173e+05
0.46954	0.65243	8.8187e+05
0.47171	0.65083	8.82e+05
0.47389	0.64922	8.8213e+05
0.47608	0.6476	8.8227e+05
0.47828	0.64598	8.8241e+05
0.48049	0.64435	8.8254e+05
0.48271	0.64271	8.8268e+05
0.48494	0.64107	8.8282e+05
0.48718	0.63941	8.8296e+05
0.48943	0.63775	8.8309e+05
0.49169	0.63608	8.8323e+05
0.49396	0.63441	8.8338e+05
0.49624	0.63272	8.8352e+05
0.49854	0.63103	8.8366e+05
0.50084	0.62933	8.838e+05
0.50315	0.62762	8.8394e+05
0.50548	0.62591	8.8409e+05
0.50782	0.62419	8.8423e+05
0.51016	0.62246	8.8438e+05
0.51252	0.62072	8.8452e+05
0.51489	0.61897	8.8467e+05
0.51727	0.61721	8.8482e+05
0.51966	0.61545	8.8497e+05
0.52206	0.61368	8.8511e+05
0.52447	0.6119	8.8526e+05
0.52689	0.61011	8.8541e+05
0.52933	0.60832	8.8557e+05
0.53177	0.60651	8.8572e+05
0.53423	0.6047	8.8587e+05
0.5367	0.60288	8.8602e+05
0.53918	0.60105	8.8618e+05
0.54167	0.59921	8.8633e+05
0.54417	0.59736	8.8649e+05
0.54669	0.59551	8.8664e+05
0.54921	0.59365	8.868e+05
0.55175	0.59177	8.8696e+05
0.5543	0.58989	8.8712e+05
0.55686	0.588	8.8728e+05
0.55943	0.58611	8.8743e+05
0.56202	0.5842	8.876e+05
0.56461	0.58228	8.8776e+05
0.56722	0.58036	8.8792e+05
0.56984	0.57842	8.8808e+05
0.57248	0.57648	8.8825e+05
0.57512	0.57453	8.8841e+05
0.57778	0.57257	8.8858e+05
0.58045	0.5706	8.8874e+05
0.58313	0.56862	8.8891e+05
0.58582	0.56663	8.8908e+05
0.58853	0.56464	8.8925e+05
0.59125	0.56263	8.8942e+05
0.59398	0.56062	8.8959e+05
0.59673	0.55859	8.8976e+05
0.59948	0.55656	8.8993e+05
0.60225	0.55451	8.901e+05
0.60504	0.55246	8.9027e+05
0.60783	0.5504	8.9045e+05
0.61064	0.54833	8.9062e+05
0.61346	0.54625	8.908e+05
0.6163	0.54415	8.9098e+05
0.61914	0.54205	8.9116e+05
0.622	0.53994	8.9133e+05
0.62488	0.53782	8.9151e+05
0.62777	0.53569	8.9169e+05
0.63067	0.53355	8.9188e+05
0.63358	0.5314	8.9206e+05
0.63651	0.52924	8.9224e+05
0.63945	0.52707	8.9242e+05
0.6424	0.52489	8.9261e+05
0.64537	0.52271	8.9279e+05
0.64835	0.52051	8.9298e+05
0.65135	0.5183	8.9317e+05
0.65436	0.51608	8.9336e+05
0.65738	0.51385	8.9355e+05
0.66042	0.5116	8.9374e+05
0.66347	0.50935	8.9393e+05
0.66654	0.50709	8.9412e+05
0.66962	0.50482	8.9431e+05
0.67271	0.50254	8.9451e+05
0.67582	0.50024	8.947e+05
0.67894	0.49794	8.949e+05
0.68208	0.49563	8.9509e+05
0.68523	0.4933	8.9529e+05
0.6884	0.49097	8.9549e+05
0.69158	0.48862	8.9569e+05
0.69477	0.48626	8.9589e+05
0.69798	0.4839	8.9609e+05
0.70121	0.48152	8.963e+05
0.70445	0.47913	8.965e+05
0.7077	0.47673	8.967e+05
0.71097	0.47431	8.9691e+05
0.71426	0.47189	8.9712e+05
0.71756	0.46946	8.9732e+05
0.72087	0.46701	8.9753e+05
0.7242	0.46455	8.9774e+05
0.72755	0.46209	8.9795e+05
0.73091	0.45961	8.9816e+05
0.73429	0.45711	8.9838e+05
0.73768	0.45461	8.9859e+05
0.74109	0.4521	8.9881e+05
0.74451	0.44957	8.9902e+05
0.74795	0.44704	8.9924e+05
0.75141	0.44449	8.9946e+05
0.75488	0.44193	8.9968e+05
0.75837	0.43935	8.999e+05
0.76187	0.43677	9.0012e+05
0.76539	0.43417	9.0034e+05
0.76893	0.43156	9.0056e+05
0.77248	0.42894	9.0079e+05
0.77605	0.42631	9.0101e+05
0.77964	0.42367	9.0124e+05
0.78324	0.42101	9.0147e+05
0.78686	0.41834	9.017e+05
0.79049	0.41566	9.0193e+05
0.79415	0.41296	9.0216e+05
0.79781	0.41026	9.0239e+05
0.8015	0.40754	9.0262e+05
0.8052	0.40481	9.0286e+05
0.80892	0.40206	9.0309e+05
0.81266	0.39931	9.0333e+05
0.81642	0.39654	9.0357e+05
0.82019	0.39376	9.0381e+05
0.82398	0.39096	9.0405e+05
0.82779	0.38815	9.0429e+05
0.83161	0.38533	9.0453e+05
0.83545	0.3825	9.0477e+05
0.83931	0.37965	9.0502e+05
0.84319	0.37679	9.0527e+05
0.84709	0.37392	9.0551e+05
0.851	0.37103	9.0576e+05
0.85493	0.36813	9.0601e+05
0.85888	0.36522	9.0626e+05
0.86285	0.36229	9.0651e+05
0.86684	0.35935	9.0677e+05
0.87084	0.3564	9.0702e+05
0.87487	0.35343	9.0728e+05
0.87891	0.35045	9.0754e+05
0.88297	0.34746	9.078e+05
0.88705	0.34445	9.0805e+05
0.89115	0.34143	9.0832e+05
0.89527	0.33839	9.0858e+05
0.8994	0.33534	9.0884e+05
0.90356	0.33228	9.0911e+05
0.90773	0.3292	9.0937e+05
0.91193	0.32611	9.0964e+05
0.91614	0.323	9.0991e+05
0.92037	0.31988	9.1018e+05
0.92463	0.31675	9.1045e+05
0.9289	0.3136	9.1072e+05
0.93319	0.31043	9.11e+05
0.9375	0.30726	9.1127e+05
0.94183	0.30406	9.1155e+05
0.94618	0.30086	9.1183e+05
0.95056	0.29763	9.1211e+05
0.95495	0.2944	9.1239e+05
0.95936	0.29115	9.1267e+05
0.96379	0.28788	9.1296e+05
0.96825	0.2846	9.1324e+05
0.97272	0.28131	9.1353e+05
0.97721	0.278	9.1382e+05
0.98173	0.27467	9.1411e+05
0.98627	0.27133	9.144e+05
0.99082	0.26798	9.1469e+05
0.9954	0.26462	9.1498e+05
1	0.26126	9.1527e+05

