-0.01  3.05146
-0.0098995  2.98901
-0.00979899  2.92752
-0.00969849  2.867
-0.00959799  2.80743
-0.00949749  2.74883
-0.00939698  2.68752
-0.00929648  2.62571
-0.00919598  2.56486
-0.00909548  2.50496
-0.00899497  2.44603
-0.00889447  2.38805
-0.00879397  2.33106
-0.00869347  2.27499
-0.00859296  2.21991
-0.00849246  2.16578
-0.00839196  2.1126
-0.00829146  2.06038
-0.00819095  2.00912
-0.00809045  1.95882
-0.00798995  1.90948
-0.00788945  1.86109
-0.00778894  1.81365
-0.00768844  1.76717
-0.00758794  1.72164
-0.00748744  1.67707
-0.00738693  1.63345
-0.00728643  1.59079
-0.00718593  1.54908
-0.00708543  1.50832
-0.00698492  1.46368
-0.00688442  1.41944
-0.00678392  1.37603
-0.00668342  1.33347
-0.00658291  1.29176
-0.00648241  1.2509
-0.00638191  1.21088
-0.00628141  1.17171
-0.0061809  1.13338
-0.0060804  1.0959
-0.0059799  1.05927
-0.0058794  1.02347
-0.00577889  0.988522
-0.00567839  0.954424
-0.00557789  0.921159
-0.00547739  0.88875
-0.00537688  0.857174
-0.00527638  0.826443
-0.00517588  0.796557
-0.00507538  0.767505
-0.00497487  0.739303
-0.00487437  0.711938
-0.00477387  0.685416
-0.00467337  0.654713
-0.00457286  0.624561
-0.00447236  0.595249
-0.00437186  0.56678
-0.00427136  0.53915
-0.00417085  0.512361
-0.00407035  0.486411
-0.00396985  0.461301
-0.00386935  0.437032
-0.00376884  0.4136
-0.00366834  0.391006
-0.00356784  0.369252
-0.00346734  0.348329
-0.00336683  0.328248
-0.00326633  0.309009
-0.00316583  0.290598
-0.00306533  0.273031
-0.00296482  0.256299
-0.00286432  0.240397
-0.00276382  0.225335
-0.00266332  0.211108
-0.00256281  0.197716
-0.00246231  0.185159
-0.00236181  0.169046
-0.00226131  0.152866
-0.0021608  0.13752
-0.0020603  0.123007
-0.0019598  0.109329
-0.0018593  0.0964845
-0.00175879  0.0844729
-0.00165829  0.0732939
-0.00155779  0.062947
-0.00145729  0.0534342
-0.00135678  0.0447516
-0.00125628  0.0369024
-0.00115578  0.029884
-0.00105528  0.0236974
-0.000954774  0.0183407
-0.000854271  0.0138126
-0.000753769  0.0101166
-0.000653266  0.00725043
-0.000552764  0.00521613
-0.000452261  0.00400643
-0.000351759  0.00362953
-0.000251256  0.00407823
-0.000150754  0.00535683
-5.02513e-05  0.00453533
5.02513e-05  0.00219553
0.000150754  0.00068393
0.000251256  0
0.000351759  0.0001436
0.000452261  0.00111433
0.000552764  0.00291203
0.000653266  0.00553623
0.000753769  0.00898813
0.000854271  0.0132646
0.000954774  0.0183661
0.00105528  0.0242924
0.00115578  0.0310448
0.00125628  0.0386219
0.00135678  0.0470235
0.00145729  0.0562491
0.00155779  0.0662988
0.00165829  0.0771716
0.00175879  0.0888676
0.0018593  0.101387
0.0019598  0.114729
0.0020603  0.128893
0.0021608  0.143879
0.00226131  0.159053
0.00236181  0.170423
0.00246231  0.182618
0.00256281  0.195634
0.00266332  0.209471
0.00276382  0.224129
0.00286432  0.239608
0.00296482  0.255907
0.00306533  0.273026
0.00316583  0.290968
0.00326633  0.309722
0.00336683  0.329299
0.00346734  0.349694
0.00356784  0.370908
0.00366834  0.39294
0.00376884  0.41579
0.00386935  0.439457
0.00396985  0.463944
0.00407035  0.489246
0.00417085  0.515361
0.00427136  0.542295
0.00437186  0.570047
0.00447236  0.59861
0.00457286  0.627994
0.00467337  0.655439
0.00477387  0.681217
0.00487437  0.707802
0.00497487  0.735206
0.00507538  0.763427
0.00517588  0.792462
0.00527638  0.822308
0.00537688  0.852963
0.00547739  0.884441
0.00557789  0.916727
0.00567839  0.949827
0.00577889  0.983737
0.0058794  1.01846
0.0059799  1.05399
0.0060804  1.09035
0.0061809  1.1275
0.00628141  1.16547
0.00638191  1.20425
0.00648241  1.24384
0.00658291  1.28424
0.00668342  1.32545
0.00678392  1.36747
0.00688442  1.4103
0.00698492  1.45393
0.00708543  1.49438
0.00718593  1.53443
0.00728643  1.57535
0.00738693  1.61717
0.00748744  1.65991
0.00758794  1.70352
0.00768844  1.74806
0.00778894  1.79348
0.00788945  1.83981
0.00798995  1.88705
0.00809045  1.93517
0.00819095  1.98419
0.00829146  2.03412
0.00839196  2.08495
0.00849246  2.13667
0.00859296  2.18929
0.00869347  2.24279
0.00879397  2.29721
0.00889447  2.35251
0.00899497  2.40871
0.00909548  2.46581
0.00919598  2.52381
0.00929648  2.58269
0.00939698  2.64247
0.00949749  2.70313
0.00959799  2.7604
0.00969849  2.81786
0.00979899  2.87622
0.0098995  2.93548
0.01  2.99561
