0.001  100.448
0.003  96.141
0.005  91.921
0.007  87.788
0.009  83.744
0.011  79.787
0.013  75.919
0.015  72.141
0.017  68.453
0.019  64.854
0.021  61.347
0.023  57.931
0.025  54.607
0.027  51.375
0.029  48.237
0.031  45.192
0.033  42.24
0.035  39.383
0.037  36.622
0.039  33.956
0.041  31.386
0.043  28.913
0.045  26.537
0.047  24.258
0.049  22.078
0.051  19.997
0.053  18.016
0.055  16.134
0.057  14.353
0.059  12.672
0.061  11.094
0.063  9.617
0.065  8.244
0.067  6.974
0.069  5.808
0.071  4.747
0.073  3.791
0.075  2.941
0.077  2.197
0.079  1.561
0.081  1.032
0.083  0.612
0.085  0.3
0.087  0.098
0.089  0.007
0.091  0.026
0.093  0.157
0.095  0.4
0.097  0.755
0.099  1.224
0.101  1.808
0.103  2.505
0.105  3.319
0.107  4.248
0.109  5.294
0.111  6.457
0.113  7.738
0.115  9.137
0.117  10.656
0.119  12.296
0.121  14.056
0.123  15.937
0.125  17.6
0.127  18.314
0.129  18.945
0.131  19.513
0.133  20.029
0.135  20.561
0.137  21.15
0.139  21.796
0.141  22.499
0.143  23.26
0.145  24.077
0.147  24.953
0.149  25.886
0.151  26.877
0.153  27.927
0.155  29.035
0.157  30.202
0.159  31.428
0.161  32.712
0.163  34.057
0.165  35.46
0.167  36.923
0.169  38.446
0.171  40.029
0.173  41.673
0.175  43.376
0.177  45.141
0.179  46.966
0.181  48.853
0.183  50.8
0.185  52.81
0.187  54.881
0.189  57.014
0.191  59.209
0.193  61.466
0.195  63.786
0.197  66.168
0.199  68.614
