0.01  60.967
0.0107  59.774
0.0115  58.59
0.0123  57.295
0.0132  55.906
0.0141  54.45
0.0152  52.95
0.0163  51.339
0.0174  49.678
0.0187  47.908
0.02  45.893
0.0215  43.863
0.023  41.943
0.0247  39.908
0.0264  37.635
0.0283  35.309
0.0304  32.92
0.0325  30.332
0.0349  27.58
0.0374  24.822
0.0401  22.252
0.043  19.713
0.046  16.946
0.0494  14.014
0.0529  11.303
0.0567  8.929
0.0608  6.591
0.0652  4.349
0.0698  2.462
0.0749  1.045
0.0802  0.175
0.086  0
0.0922  0.573
0.0988  2.238
0.106  5.284
0.114  9.775
0.122  15.818
0.13  24.167
0.14  33.72
0.15  36.236
0.161  37.75
0.172  38.674
0.185  39.664
0.198  40.505
0.212  41.143
0.227  41.888
0.244  42.25
0.261  42.77
0.28  43.094
0.3  43.522
