0.788836   2.80438
0.788924   2.77745
0.789449   2.75821
0.790499   2.72939
0.792336   2.70418
0.794173   2.67828
0.797673   2.6458
0.800298   2.61936
0.805373   2.58235
0.809135   2.55821
0.812897   2.53545
0.819284   2.50077
0.823922   2.47887
0.831971   2.44521
0.836871   2.42544
0.84212   2.40642
0.85017   2.37621
0.85647   2.35257
0.865481   2.32116
0.871169   2.30224
0.877643   2.28416
0.884905   2.26485
0.891292   2.24537
0.897592   2.23071
0.905029   2.21074
0.913516   2.19167
0.920428   2.17989
0.92804   2.15858
0.934077   2.14663
0.938802   2.13788
0.948251   2.12038
0.958138   2.10504
0.96925   2.08787
0.982549   2.06836
0.994186   2.05405
0.999873   2.04825
