0.788924   2.80371
0.789361   2.83005
0.790149   2.86199
0.791374   2.88227
0.792686   2.89842
0.794523   2.91329
0.796098   2.92811
0.798111   2.94232
0.800561   2.95455
0.80336   2.96684
0.80721   2.98142
0.81141   2.99399
0.814735   3.00362
0.818147   3.01258
0.821909   3.02022
0.827859   3.0283
0.832934   3.03551
0.838358   3.03864
0.845183   3.04412
0.85157   3.04745
0.859707   3.04904
0.867581   3.04851
0.877993   3.04571
0.885868   3.0431
0.894792   3.03725
0.902142   3.03108
0.909579   3.02494
0.916578   3.01801
0.923928   3.00978
0.930577   3.00071
0.939064   2.98855
0.947114   2.97631
0.953413   2.96787
0.959626   2.95595
0.966188   2.94549
0.971962   2.93487
0.977037   2.92343
0.981412   2.91737
0.985524   2.90712
0.990161   2.89835
0.994798   2.88751
0.999436   2.87805
