0.86559   2.53697
0.86559   2.53697
0.866246   2.54941
0.866421   2.55507
0.866771   2.55977
0.867559   2.56608
0.868872   2.57428
0.869485   2.57759
0.871411   2.58603
0.871674   2.58697
0.874125   2.59363
0.874212   2.59381
0.876489   2.59763
0.877189   2.59847
0.879027   2.60015
0.879903   2.60123
0.881479   2.60401
0.882704   2.60538
0.883842   2.60526
0.885681   2.60569
0.886731   2.60571
0.888482   2.60814
0.88927   2.60864
0.891721   2.60873
0.892159   2.60885
0.894347   2.60885
0.894785   2.60868
0.897499   2.60745
0.900125   2.60693
0.900475   2.60676
0.903189   2.60426
0.903452   2.604
0.905903   2.6021
0.906253   2.60192
0.908267   2.60107
0.909142   2.60054
0.911418   2.59849
0.912206   2.59778
0.91422   2.59631
0.91492   2.5957
0.917021   2.59331
0.917984   2.59225
0.919998   2.59041
0.920785   2.58949
0.922536   2.58664
0.923762   2.58465
0.925513   2.58252
0.926563   2.58119
0.928139   2.57866
0.929452   2.57705
0.931291   2.57632
0.932516   2.57567
0.933917   2.57336
0.935142   2.57083
0.937156   2.56769
0.938294   2.56599
0.93952   2.56379
0.94092   2.56115
0.942584   2.5585
0.943897   2.55632
0.94556   2.55299
0.946698   2.55079
0.948537   2.54789
0.949762   2.54595
0.951163   2.54321
0.952388   2.54042
0.954314   2.536
0.955452   2.53351
0.956853   2.53063
0.958516   2.5273
0.960005   2.52414
0.961055   2.52177
0.962456   2.51852
0.963769   2.51555
0.96587   2.51119
0.966921   2.50933
0.968584   2.50678
0.969722   2.50449
0.971473   2.49896
0.972348   2.4962
0.974449   2.49122
0.975325   2.48929
0.977338   2.48429
0.978126   2.48238
0.980315   2.4777
0.981015   2.47616
0.983291   2.47
0.983729   2.46856
0.986005   2.46057
0.98653   2.45889
0.989069   2.45267
0.989157   2.45246
0.99187   2.44514
0.992133   2.44438
0.994672   2.43608
0.994934   2.43511
0.997473   2.42572
0.997638   2.42516
1   2.41815
1   2.41812
