0.86559   2.53697
0.86559   2.53085
0.866246   2.51842
0.866421   2.51417
0.866771   2.50576
0.867559   2.49205
0.868872   2.4804
0.869485   2.47616
0.871411   2.46278
0.871674   2.46096
0.874125   2.44489
0.874212   2.44438
0.876489   2.43263
0.877189   2.42893
0.879027   2.4195
0.879903   2.41574
0.881479   2.40913
0.882704   2.40281
0.883842   2.39739
0.885681   2.39102
0.886731   2.38771
0.888482   2.38152
0.88927   2.37873
0.891721   2.37062
0.892159   2.36906
0.894347   2.36035
0.894785   2.35869
0.897499   2.34971
0.900125   2.34073
0.900475   2.33969
0.903189   2.33243
0.903452   2.3317
0.905903   2.32414
0.906253   2.32298
0.908267   2.31723
0.909142   2.3155
0.911418   2.31101
0.912206   2.30893
0.91422   2.30272
0.91492   2.3008
0.917021   2.29581
0.917984   2.29354
0.919998   2.2889
0.920785   2.28728
0.922536   2.28337
0.923762   2.27992
0.925513   2.27508
0.926563   2.27292
0.928139   2.27024
0.929452   2.26759
0.931291   2.26333
0.932516   2.26026
0.933917   2.25712
0.935142   2.25488
0.937156   2.25159
0.938294   2.24969
0.93952   2.24744
0.94092   2.24476
0.942584   2.24191
0.943897   2.24016
0.94556   2.23777
0.946698   2.23548
0.948537   2.23155
0.949762   2.22966
0.951163   2.22809
0.952388   2.22669
0.954314   2.22464
0.955452   2.22372
0.956853   2.22187
0.958516   2.21822
0.960005   2.21496
0.961055   2.21351
0.962456   2.2122
0.963769   2.21045
0.96587   2.20736
0.966921   2.20599
0.968584   2.20391
0.969722   2.20222
0.971473   2.19976
0.972348   2.19883
0.974449   2.197
0.975325   2.19615
0.977338   2.19423
0.978126   2.19368
0.980315   2.19216
0.981015   2.19147
0.983291   2.18871
0.983729   2.18816
0.986005   2.18594
0.98653   2.18562
0.989069   2.18459
0.989157   2.18456
0.99187   2.18387
0.992133   2.1838
0.994672   2.18268
0.994934   2.18249
0.997473   2.18096
0.997638   2.18094
1   2.18163
1   2.18165
