-0.01  9.89001
-0.0098995  9.666
-0.00979899  9.4486
-0.00969849  9.2377
-0.00959799  9.03346
-0.00949749  8.83568
-0.00939698  8.64462
-0.00929648  8.45996
-0.00919598  8.24989
-0.00909548  8.03912
-0.00899497  7.83501
-0.00889447  7.63734
-0.00879397  7.44629
-0.00869347  7.26181
-0.00859296  7.08394
-0.00849246  6.91254
-0.00839196  6.74776
-0.00829146  6.58954
-0.00819095  6.40695
-0.00809045  6.2225
-0.00798995  6.04466
-0.00788945  5.87332
-0.00778894  5.70861
-0.00768844  5.55045
-0.00758794  5.39879
-0.00748744  5.25377
-0.00738693  5.11521
-0.00728643  4.98334
-0.00718593  4.82883
-0.00708543  4.67068
-0.00698492  4.51907
-0.00688442  4.37401
-0.00678392  4.2355
-0.00668342  4.10354
-0.00658291  3.97763
-0.00648241  3.85783
-0.00638191  3.74413
-0.00628141  3.63631
-0.0061809  3.51563
-0.0060804  3.383
-0.0059799  3.25643
-0.0058794  3.13589
-0.00577889  3.02073
-0.00567839  2.9105
-0.00557789  2.80517
-0.00547739  2.70474
-0.00537688  2.60922
-0.00527638  2.51861
-0.00517588  2.43283
-0.00507538  2.34009
-0.00497487  2.23185
-0.00487437  2.12843
-0.00477387  2.02995
-0.00467337  1.93629
-0.00457286  1.84752
-0.00447236  1.76357
-0.00437186  1.68451
-0.00427136  1.61029
-0.00417085  1.5409
-0.00407035  1.47636
-0.00396985  1.4166
-0.00386935  1.33133
-0.00376884  1.2492
-0.00366834  1.17194
-0.00356784  1.09952
-0.00346734  1.03187
-0.00336683  0.9689
-0.00326633  0.910608
-0.00316583  0.857051
-0.00306533  0.808162
-0.00296482  0.763954
-0.00286432  0.724461
-0.00276382  0.677747
-0.00266332  0.616244
-0.00256281  0.559432
-0.00246231  0.507311
-0.00236181  0.459888
-0.00226131  0.417151
-0.0021608  0.379094
-0.0020603  0.345745
-0.0019598  0.317054
-0.0018593  0.292717
-0.00175879  0.272471
-0.00165829  0.256283
-0.00155779  0.225822
-0.00145729  0.188955
-0.00135678  0.156185
-0.00125628  0.127483
-0.00115578  0.102848
-0.00105528  0.0822808
-0.000954774  0.0657804
-0.000854271  0.0533516
-0.000753769  0.0449816
-0.000653266  0.0406832
-0.000552764  0.040452
-0.000452261  0.0442882
-0.000351759  0.0434738
-0.000251256  0.0266534
-0.000150754  0.0138959
-5.02513e-05  0.00520129
5.02513e-05  0.00056937
0.000150754  0
0.000251256  0.00349333
0.000351759  0.0110496
0.000452261  0.0226683
0.000552764  0.0383493
0.000653266  0.0580932
0.000753769  0.0818999
0.000854271  0.109769
0.000954774  0.114767
0.00105528  0.121968
0.00115578  0.133228
0.00125628  0.148546
0.00135678  0.167923
0.00145729  0.191359
0.00155779  0.218853
0.00165829  0.250617
0.00175879  0.28702
0.0018593  0.328099
0.0019598  0.37386
0.0020603  0.42429
0.0021608  0.45439
0.00226131  0.482754
0.00236181  0.515783
0.00246231  0.553496
0.00256281  0.59588
0.00266332  0.642942
0.00276382  0.694675
0.00286432  0.751056
0.00296482  0.812123
0.00306533  0.87786
0.00316583  0.948282
0.00326633  1.02186
0.00336683  1.07018
0.00346734  1.12321
0.00356784  1.18087
0.00366834  1.24322
0.00376884  1.31021
0.00386935  1.38196
0.00396985  1.45852
0.00407035  1.5399
0.00417085  1.62609
0.00427136  1.71713
0.00437186  1.81294
0.00447236  1.90175
0.00457286  1.97504
0.00467337  2.05315
0.00477387  2.13608
0.00487437  2.22384
0.00497487  2.31637
0.00507538  2.41372
0.00517588  2.51594
0.00527638  2.62296
0.00537688  2.73486
0.00547739  2.85162
0.00557789  2.97349
0.00567839  3.07581
0.00577889  3.17472
0.0058794  3.27857
0.0059799  3.38739
0.0060804  3.50186
0.0061809  3.62231
0.00628141  3.74869
0.00638191  3.88107
0.00648241  4.01939
0.00658291  4.1638
0.00668342  4.31462
0.00678392  4.43761
0.00688442  4.56278
0.00698492  4.69395
0.00708543  4.8312
0.00718593  4.97497
0.00728643  5.12513
0.00738693  5.28176
0.00748744  5.44485
0.00758794  5.61441
0.00768844  5.79044
0.00778894  5.9541
0.00788945  6.10359
0.00798995  6.25959
0.00809045  6.42207
0.00819095  6.59094
0.00829146  6.76628
0.00839196  6.94808
0.00849246  7.13632
0.00859296  7.33101
0.00869347  7.53215
0.00879397  7.73608
0.00889447  7.91079
0.00899497  8.0919
0.00909548  8.2794
0.00919598  8.47338
0.00929648  8.67381
0.00939698  8.88068
0.00949749  9.09401
0.00959799  9.31381
0.00969849  9.53996
0.00979899  9.77262
0.0098995  9.98477
0.01  10.1909
