1 0.00e+00 0.00e+00 5708778.00 5246543.00 6776328.00 8132747.00 9157822.00 10177371.00 10557647.00 10761935.00 10489062.00 9998604.00 9192593.00 8359877.00 7633982.00 7041245.00 6342360.00 5509591.00 4702575.00 3957455.00 3232227.00 2447632.00 2040927.00 1421291.00 1017624.00  784720.00  485213.00  961173.00 152137322.00
2 0.00e+00 0.00e+00 5817038.00 5346766.00 6900795.00 8288913.00 9327522.00 10369216.00 10755816.00 10967868.00 10686100.00 10185900.00 9366635.00 8521308.00 7787450.00 7174339.00 6453110.00 5608276.00 4790384.00 4029734.00 3291011.00 2489350.00 2076297.00 1449133.00 1038106.00  798936.00  495596.00  980644.00 154996243.00
3 0.00e+00 0.00e+00 5192194.00 4771405.00 6164456.00 7395218.00 8325434.00 9252573.00 9599388.00 9785890.00 9539550.00 9087985.00 8360809.00 7602033.00 6943403.00 6401939.00 5759764.00 5007706.00 4272024.00 3594510.00 2939333.00 2226861.00 1856025.00 1294902.00  925997.00  713615.00  442351.00  874863.00 138330228.00
4 0.00e+00 0.00e+00  682968.00  626807.00  813547.00  972928.00 1096902.00 1218402.00 1262195.00 1289320.00 1254081.00 1197640.00 1099640.00 1000582.00  914422.00  845208.00  758354.00  657756.00  562758.00  473173.00  386898.00  292769.00  243868.00  170579.00  121938.00   93859.00   58416.00  114442.00 18209452.00
5 0.00e+00 0.00e+00  685189.00  628285.00  812617.00  974945.00 1097694.00 1221396.00 1265519.00 1290288.00 1257586.00 1201250.00 1102767.00 1003379.00  916421.00  844057.00  760933.00  660798.00  562863.00  475517.00  388623.00  292604.00  244759.00  170794.00  122165.00   94123.00   58060.00  116023.00 18248655.00
6 0.00e+00 0.00e+00  678360.00  623646.00  805301.00  967715.00 1086664.00 1209174.00 1255239.00 1279485.00 1244567.00 1188943.00 1091604.00  994567.00  906750.00  837509.00  752465.00  654808.00  558242.00  470516.00  384273.00  290104.00  242164.00  168815.00  121084.00   93476.00   58158.00  114470.00 18078099.00

1 1.00e-02 1.00e-04 5708719.00 5246521.00 6776310.50 8132737.50 9157816.00 10177365.00 10557642.00 10761931.00 10489060.00 9998602.00 9192591.00 8359875.50 7633980.50 7041244.00 6342359.00 5509590.50 4702574.50 3957454.50 3232226.50 2447631.50 2040926.62 1421290.62 1017623.81  784719.81  485212.88  961172.94 152137178.19
2 1.00e-02 1.00e-04 5816981.00 5346744.50 6900777.50 8288903.50 9327516.00 10369210.00 10755811.00 10967865.00 10686098.00 10185898.00 9366633.00 8521306.00 7787448.50 7174338.00 6453109.00 5608275.50 4790383.50 4029733.50 3291010.50 2489349.50 2076296.62 1449132.75 1038105.81  798935.81  495595.88  980643.94 154996102.31
3 1.00e-02 1.00e-04 5192138.00 4771385.00 6164439.50 7395206.50 8325428.50 9252568.00 9599384.00 9785886.00 9539548.00 9087983.00 8360807.50 7602031.50 6943402.00 6401938.00 5759763.00 5007705.50 4272023.50 3594509.50 2939332.50 2226860.50 1856024.75 1294901.75  925996.75  713614.81  442350.88  874862.94 138330091.88
4 1.00e-02 1.00e-04  681422.38  626206.75  813171.44  972635.44 1096694.50 1218287.75 1262099.38 1289233.62 1254022.88 1197588.38 1099606.75 1000557.62  914398.38  845186.31  758335.88  657742.81  562745.12  473162.59  386891.81  292763.00  243862.06  170573.38  121932.60   93854.28   58412.69  114440.53 18205828.32
5 1.00e-02 1.00e-04  683639.06  627679.06  812241.12  974653.56 1097486.50 1221280.25 1265424.12 1290200.50 1257528.50 1201198.38 1102733.00 1003354.56  916397.25  844035.19  760915.00  660784.88  562850.06  475506.19  388616.78  292597.97  244753.09  170788.27  122159.53   94118.30   58056.68  116021.55 18245019.36
6 1.00e-02 1.00e-04  676796.31  623029.75  804922.62  967416.75 1086456.38 1209055.12 1255143.50 1279397.88 1244507.12 1188891.25 1091569.12  994542.56  906726.31  837487.06  752446.25  654794.81  558229.12  470504.97  384266.75  290097.94  242158.16  168809.33  121078.62   93471.10   58154.68  114468.54 18074422.02

1 1.00e-02 1.27e-04 5708718.00 5246521.00 6776310.00 8132737.00 9157815.00 10177365.00 10557642.00 10761931.00 10489060.00 9998602.00 9192591.00 8359875.50 7633980.50 7041244.00 6342359.00 5509590.50 4702574.50 3957454.50 3232226.50 2447631.50 2040926.62 1421290.62 1017623.81  784719.81  485212.88  961172.94 152137175.19
2 1.00e-02 1.27e-04 5816979.50 5346744.50 6900777.00 8288903.00 9327516.00 10369210.00 10755811.00 10967864.00 10686098.00 10185898.00 9366633.00 8521306.00 7787448.50 7174338.00 6453109.00 5608275.50 4790383.50 4029733.50 3291010.50 2489349.50 2076296.62 1449132.75 1038105.81  798935.81  495595.88  980643.94 154996098.81
3 1.00e-02 1.27e-04 5192136.50 4771385.00 6164439.50 7395206.00 8325428.50 9252568.00 9599383.00 9785886.00 9539547.00 9087983.00 8360807.50 7602031.50 6943401.50 6401938.00 5759763.00 5007705.50 4272023.50 3594509.50 2939332.50 2226860.50 1856024.75 1294901.75  925996.75  713614.75  442350.88  874862.94 138330087.31
4 1.00e-02 1.27e-04  681379.19  626183.19  813168.81  972626.50 1096694.00 1218279.38 1262098.88 1289233.00 1254019.75 1197588.25 1099604.00 1000557.56  914398.25  845186.12  758334.75  657742.81  562745.06  473161.62  386891.72  292762.97  243862.03  170573.30  121932.59   93853.92   58412.58  114440.49 18205730.73
5 1.00e-02 1.27e-04  683596.69  627656.00  812238.44  974644.62 1097486.12 1221271.88 1265423.62 1290199.88 1257525.25 1201198.25 1102730.12 1003354.50  916397.19  844035.00  760913.94  660784.81  562850.00  475505.38  388616.56  292597.94  244753.06  170788.20  122159.52   94117.94   58056.61  116021.52 18244923.04
6 1.00e-02 1.27e-04  676752.81  623006.12  804920.00  967407.50 1086455.88 1209047.25 1255143.12 1279397.12 1244504.00 1188891.12 1091566.25  994542.50  906726.25  837486.81  752445.19  654794.75  558229.06  470504.16  384266.53  290097.91  242158.12  168809.27  121078.61   93470.90   58154.50  114468.50 18074324.24

1 1.00e-02 1.62e-04 5708716.00 5246520.50 6776310.00 8132736.00 9157815.00 10177365.00 10557642.00 10761931.00 10489059.00 9998602.00 9192591.00 8359875.50 7633980.50 7041244.00 6342359.00 5509590.50 4702574.50 3957454.50 3232226.50 2447631.50 2040926.62 1421290.62 1017623.75  784719.81  485212.88  961172.94 152137170.62
2 1.00e-02 1.62e-04 5816977.50 5346744.00 6900776.50 8288902.00 9327515.00 10369210.00 10755811.00 10967864.00 10686097.00 10185898.00 9366633.00 8521306.00 7787448.50 7174338.00 6453109.00 5608275.50 4790383.50 4029733.50 3291010.50 2489349.50 2076296.62 1449132.62 1038105.75  798935.81  495595.88  980643.94 154996092.62
3 1.00e-02 1.62e-04 5192135.00 4771384.50 6164439.50 7395205.00 8325428.00 9252568.00 9599383.00 9785886.00 9539547.00 9087983.00 8360807.50 7602031.50 6943401.50 6401938.00 5759763.00 5007705.50 4272023.50 3594509.50 2939332.50 2226860.50 1856024.75 1294901.75  925996.75  713614.75  442350.84  874862.94 138330083.78
4 1.00e-02 1.62e-04  681311.31  626144.44  813164.88  972611.44 1096693.12 1218266.25 1262098.25 1289232.00 1254014.38 1197588.00 1099599.25 1000557.44  914398.12  845185.75  758333.38  657742.31  562745.00  473160.47  386891.19  292762.94  243861.98  170573.20  121932.55   93853.62   58412.25  114440.45 18205573.96
5 1.00e-02 1.62e-04  683529.56  627618.06  812234.50  974629.12 1097485.25 1221259.00 1265423.00 1290198.75 1257520.12 1201198.00 1102725.38 1003354.38  916397.00  844034.69  760912.38  660784.50  562849.94  475504.34  388616.03  292597.91  244753.02  170788.11  122159.48   94117.62   58056.26  116021.46 18244767.86
6 1.00e-02 1.62e-04  676684.31  622968.06  804916.50  967391.75 1086455.00 1209033.88 1255142.38 1279396.12 1244498.50 1188890.88 1091561.50  994542.38  906726.06  837486.50  752444.00  654794.06  558229.00  470503.28  384265.72  290097.88  242158.08  168809.17  121078.56   93470.63   58154.14  114468.45 18074166.78

1 1.00e-02 2.07e-04 5708712.50 5246519.50 6776309.50 8132734.00 9157815.00 10177365.00 10557642.00 10761931.00 10489059.00 9998602.00 9192591.00 8359875.50 7633980.50 7041243.50 6342359.00 5509590.50 4702574.50 3957454.50 3232226.50 2447631.50 2040926.62 1421290.62 1017623.75  784719.81  485212.84  961172.94 152137163.09
2 1.00e-02 2.07e-04 5816974.00 5346743.00 6900776.00 8288900.50 9327515.00 10369210.00 10755811.00 10967864.00 10686097.00 10185898.00 9366633.00 8521306.00 7787448.50 7174337.50 6453109.00 5608275.50 4790383.50 4029733.50 3291010.50 2489349.50 2076296.62 1449132.62 1038105.69  798935.81  495595.84  980643.94 154996085.53
3 1.00e-02 2.07e-04 5192132.00 4771384.00 6164439.00 7395203.50 8325428.00 9252568.00 9599383.00 9785886.00 9539547.00 9087983.00 8360807.50 7602031.50 6943401.50 6401938.00 5759763.00 5007705.00 4272023.50 3594509.50 2939332.50 2226860.50 1856024.75 1294901.75  925996.75  713614.75  442350.81  874862.94 138330077.75
4 1.00e-02 2.07e-04  681202.50  626083.50  813160.88  972586.94 1096689.50 1218245.25 1262097.25 1289230.25 1254006.00 1197587.62 1099592.25 1000556.69  914397.81  845185.19  758332.50  657740.19  562744.88  473160.19  386888.78  292762.88  243861.92  170573.12  121932.39   93853.56   58411.28  114440.36 18205323.67
5 1.00e-02 2.07e-04  683423.50  627556.12  812230.81  974604.31 1097482.50 1221237.50 1265421.88 1290197.00 1257511.62 1201197.62 1102718.75 1003353.38  916396.75  844034.12  760911.38  660782.44  562849.88  475504.16  388613.53  292597.88  244752.97  170788.03  122159.31   94117.53   58055.39  116021.38 18244519.73
6 1.00e-02 2.07e-04  676575.56  622906.25  804912.88  967368.81 1086449.12 1209012.88 1255141.38 1279394.25 1244489.88 1188890.50 1091555.12  994541.19  906725.81  837485.94  752443.38  654791.75  558228.94  470503.16  384263.22  290097.81  242158.02  168809.09  121078.38   93470.61   58153.11  114468.37 18073915.39

1 1.00e-02 2.64e-04 5708707.00 5246518.50 6776308.00 8132732.50 9157814.00 10177365.00 10557641.00 10761930.00 10489059.00 9998602.00 9192591.00 8359875.50 7633980.50 7041243.50 6342359.00 5509590.00 4702574.50 3957454.50 3232226.50 2447631.50 2040926.62 1421290.62 1017623.69  784719.75  485212.81  961172.88 152137149.88
2 1.00e-02 2.64e-04 5816969.00 5346742.50 6900775.00 8288898.50 9327514.00 10369210.00 10755811.00 10967863.00 10686097.00 10185898.00 9366633.00 8521306.00 7787448.50 7174337.50 6453109.00 5608275.00 4790383.50 4029733.50 3291010.50 2489349.50 2076296.62 1449132.62 1038105.69  798935.75  495595.81  980643.88 154996074.38
3 1.00e-02 2.64e-04 5192127.00 4771382.50 6164438.50 7395202.50 8325426.00 9252567.00 9599383.00 9785885.00 9539546.00 9087983.00 8360807.50 7602031.50 6943401.50 6401937.50 5759763.00 5007705.00 4272023.50 3594509.50 2939332.50 2226860.50 1856024.62 1294901.75  925996.75  713614.75  442350.72  874862.94 138330064.03
4 1.00e-02 2.64e-04  681036.62  625992.69  813146.56  972570.62 1096660.00 1218212.25 1262095.50 1289227.12 1253995.62 1197584.50 1099588.50 1000548.38  914397.44  845184.44  758332.06  657735.69  562744.75  473160.06  386885.38  292762.03  243861.83  170573.02  121932.16   93853.45   58410.59  114440.17 18204931.43
5 1.00e-02 2.64e-04  683254.62  627467.56  812215.00  974587.56 1097453.50 1221204.38 1265420.12 1290193.88 1257500.75 1201194.75 1102715.50 1003344.44  916396.38  844033.44  760910.88  660777.94  562849.69  475504.03  388610.31  292596.88  244752.88  170787.92  122159.09   94117.42   58054.62  116021.20 18244124.71
6 1.00e-02 2.64e-04  676404.94  622820.38  804894.94  967354.88 1086418.00 1208979.62 1255139.00 1279391.25 1244480.00 1188886.62 1091552.38  994531.69  906725.44  837485.25  752442.81  654787.44  558228.44  470503.00  384260.25  290096.53  242157.92  168809.00  121078.16   93470.48   58152.56  114468.17 18073519.14

1 1.00e-02 3.36e-04 5708697.50 5246514.50 6776306.50 8132729.50 9157812.00 10177364.00 10557641.00 10761930.00 10489058.00 9998601.00 9192591.00 8359875.50 7633980.50 7041243.50 6342358.50 5509590.00 4702574.00 3957454.50 3232226.50 2447631.50 2040926.62 1421290.62 1017623.69  784719.69  485212.75  961172.88 152137125.75
2 1.00e-02 3.36e-04 5816959.50 5346738.50 6900773.50 8288896.00 9327512.00 10369210.00 10755810.00 10967863.00 10686096.00 10185897.00 9366633.00 8521306.00 7787448.50 7174337.50 6453108.50 5608275.00 4790383.00 4029733.50 3291010.50 2489349.50 2076296.62 1449132.62 1038105.69  798935.69  495595.75  980643.88 154996050.75
3 1.00e-02 3.36e-04 5192118.00 4771377.50 6164437.00 7395202.00 8325421.50 9252567.00 9599383.00 9785885.00 9539546.00 9087982.00 8360807.50 7602031.50 6943401.50 6401937.50 5759763.00 5007705.00 4272023.00 3594509.50 2939332.50 2226860.50 1856024.62 1294901.62  925996.75  713614.75  442350.72  874862.88 138330041.84
4 1.00e-02 3.36e-04  680779.69  625904.38  813016.00  972555.56 1096601.88 1218194.12 1262058.12 1289224.12 1253991.00 1197566.00 1099587.62 1000531.56  914395.25  845183.88  758330.69  657734.12  562738.62  473159.81  386885.03  292756.41  243860.97  170572.88  121931.99   93853.09   58410.42  114439.84 18204263.06
5 1.00e-02 3.36e-04  682994.38  627388.50  812079.75  974572.38 1097396.25 1221188.00 1265381.00 1290191.12 1257496.00 1201175.75 1102714.62 1003328.19  916393.81  844032.81  760909.56  660776.12  562843.94  475503.78  388610.06  292591.34  244751.86  170787.78  122158.92   94117.06   58054.44  116020.88 18243458.31
6 1.00e-02 3.36e-04  676144.94  622729.94  804754.69  967339.38 1086360.62 1208965.38 1255098.12 1279388.50 1244475.88 1188866.50 1091551.50  994516.06  906722.00  837484.62  752441.50  654786.12  558222.31  470502.75  384260.00  290091.25  242156.53  168808.86  121078.01   93470.13   58152.34  114467.83 18072835.76

1 1.00e-02 4.28e-04 5708678.50 5246504.50 6776304.00 8132727.50 9157807.00 10177362.00 10557640.00 10761929.00 10489057.00 9998600.00 9192590.00 8359875.00 7633980.50 7041243.50 6342358.50 5509589.50 4702574.00 3957454.25 3232226.50 2447631.50 2040926.62 1421290.62 1017623.62  784719.69  485212.72  961172.88 152137078.91
2 1.00e-02 4.28e-04 5816942.50 5346729.00 6900771.50 8288894.00 9327507.00 10369208.00 10755810.00 10967862.00 10686095.00 10185896.00 9366632.00 8521306.00 7787448.50 7174337.50 6453108.50 5608274.50 4790383.00 4029733.25 3291010.50 2489349.50 2076296.62 1449132.62 1038105.62  798935.69  495595.72  980643.88 154996008.41
3 1.00e-02 4.28e-04 5192095.00 4771358.50 6164434.50 7395201.00 8325418.00 9252563.00 9599382.00 9785885.00 9539546.00 9087981.00 8360806.00 7602031.50 6943401.50 6401937.50 5759762.50 5007705.00 4272023.00 3594509.00 2939332.50 2226860.50 1856024.62 1294901.62  925996.69  713614.69  442350.72  874862.88 138329984.22
4 1.00e-02 4.28e-04  680257.69  625663.44  812788.50  972539.06 1096542.12 1218150.50 1261988.62 1289210.25 1253985.25 1197552.12 1099567.88 1000529.62  914371.00  845179.62  758329.75  657732.25  562735.62  473151.97  386883.78  292755.94  243855.16  170568.77  121931.77   93852.86   58410.00  114439.30 18202972.85
5 1.00e-02 4.28e-04  682471.81  627147.00  811850.56  974556.19 1097334.62 1221146.12 1265312.62 1290175.88 1257490.38 1201160.38 1102694.62 1003326.62  916369.62  844028.25  760908.62  660774.31  562840.75  475496.12  388608.84  292590.97  244746.19  170783.39  122158.71   94116.84   58054.03  116020.33 18242163.80
6 1.00e-02 4.28e-04  675617.94  622488.25  804526.56  967323.19 1086305.38 1208917.88 1255032.38 1279369.88 1244470.38 1188853.25 1091529.25  994514.56  906698.75  837479.06  752440.62  654784.38  558219.62  470494.72  384258.41  290090.91  242151.12  168804.05  121077.77   93469.91   58151.96  114467.29 18071537.45

1 1.00e-02 5.46e-04 5708641.00 5246481.00 6776297.00 8132724.50 9157803.00 10177356.00 10557638.00 10761929.00 10489056.00 9998599.00 9192588.00 8359874.00 7633980.00 7041243.00 6342358.50 5509589.50 4702573.50 3957453.75 3232226.00 2447631.25 2040926.50 1421290.50 1017623.62  784719.62  485212.66  961172.81 152136987.72
2 1.00e-02 5.46e-04 5816904.00 5346706.00 6900764.00 8288891.00 9327503.00 10369202.00 10755808.00 10967862.00 10686094.00 10185895.00 9366630.00 8521305.00 7787448.00 7174337.50 6453108.50 5608274.50 4790382.50 4029732.75 3291010.00 2489349.25 2076296.50 1449132.50 1038105.62  798935.62  495595.66  980643.81 154995916.72
3 1.00e-02 5.46e-04 5192058.00 4771341.00 6164422.00 7395197.50 8325417.50 9252557.00 9599379.00 9785884.00 9539545.00 9087980.00 8360805.00 7602029.00 6943401.00 6401937.50 5759762.50 5007704.50 4272022.50 3594508.75 2939332.00 2226860.00 1856024.50 1294901.62  925996.62  713614.62  442350.69  874862.81 138329894.62
4 1.00e-02 5.46e-04  679456.56  625348.44  812603.00  972269.12 1096514.00 1218047.12 1261948.25 1289113.12 1253956.38 1197544.38 1099549.12 1000498.06  914366.81  845156.19  758309.31  657730.94  562733.56  473149.50  386876.12  292748.00  243853.52  170565.92  121925.12   93846.98   58409.23  114438.56 18200957.34
5 1.00e-02 5.46e-04  681674.44  626823.81  811672.94  974278.25 1097307.38 1221039.62 1265273.25 1290081.25 1257458.75 1201153.00 1102675.38 1003295.44  916366.00  844005.06  760887.56  660772.94  562838.75  475493.56  388600.97  292583.06  244744.67  170780.92  122152.10   94110.80   58053.16  116019.58 18240142.63
6 1.00e-02 5.46e-04  674805.19  622185.44  804340.56  967037.69 1086277.88 1208817.38 1254986.50 1279277.88 1244436.50 1188845.75 1091511.75  994481.75  906693.75  837457.12  752418.62  654782.81  558217.69  470492.56  384250.88  290082.44  242149.20  168801.89  121071.15   93463.51   58150.99  114466.50 18069503.37

1 1.00e-02 6.95e-04 5708577.50 5246461.00 6776267.50 8132715.50 9157799.00 10177351.00 10557630.00 10761924.00 10489055.00 9998598.00 9192587.00 8359872.50 7633977.50 7041242.00 6342358.00 5509589.00 4702573.50 3957453.50 3232225.75 2447630.75 2040925.88 1421290.12 1017623.31  784719.50  485212.59  961172.75 152136832.16
2 1.00e-02 6.95e-04 5816841.50 5346686.50 6900734.00 8288882.50 9327499.00 10369196.00 10755800.00 10967858.00 10686093.00 10185894.00 9366629.00 8521303.00 7787445.50 7174336.00 6453108.00 5608274.00 4790382.50 4029732.50 3291009.75 2489348.75 2076295.88 1449132.12 1038105.31  798935.50  495595.59  980643.75 154995761.66
3 1.00e-02 6.95e-04 5192001.50 4771332.00 6164391.00 7395184.50 8325413.00 9252555.00 9599372.00 9785876.00 9539544.00 9087979.00 8360804.50 7602028.50 6943399.00 6401935.00 5759762.00 5007704.50 4272022.50 3594508.75 2939331.75 2226859.75 1856024.00 1294901.00  925996.12  713614.44  442350.59  874862.81 138329753.22
4 1.00e-02 6.95e-04  678339.12  625147.38  812110.06  972028.88 1096183.50 1218012.25 1261829.62 1289017.75 1253871.12 1197446.38 1099538.88 1000486.38  914331.62  845122.38  758296.94  657703.94  562706.88  473143.41  386873.59  292745.16  243844.64  170557.22  121916.90   93844.47   58402.88  114436.60 18197937.93
5 1.00e-02 6.95e-04  680563.69  626605.75  811173.31  974051.31 1096969.75 1221005.25 1265151.88 1289986.50 1257376.12 1201054.50 1102664.75 1003283.06  916330.00  843972.25  760876.38  660745.88  562811.69  475486.75  388598.50  292580.09  244735.72  170772.17  122144.05   94108.66   58046.85  116017.59 18237112.46
6 1.00e-02 6.95e-04  673700.00  621939.19  803856.00  966799.94 1085928.75 1208782.88 1254870.75 1279175.75 1244356.62 1188744.50 1091500.62  994470.69  906659.19  837422.75  752407.12  654755.81  558190.81  470484.44  384248.44  290079.88  242140.66  168793.25  121062.69   93460.99   58144.88  114464.43 18066441.02

1 1.00e-02 8.86e-04 5708475.50 5246440.00 6776242.50 8132676.50 9157782.00 10177345.00 10557625.00 10761915.00 10489045.00 9998593.00 9192586.00 8359871.00 7633976.50 7041239.50 6342355.50 5509587.00 4702572.00 3957453.00 3232225.25 2447630.25 2040925.62 1421289.62 1017622.75  784718.88  485211.94  961172.62 152136576.94
2 1.00e-02 8.86e-04 5816742.50 5346666.50 6900709.50 8288845.00 9327482.00 10369191.00 10755795.00 10967849.00 10686083.00 10185889.00 9366628.00 8521302.00 7787444.50 7174334.00 6453105.50 5608272.00 4790381.00 4029732.00 3291009.25 2489348.50 2076295.62 1449131.62 1038104.75  798934.94  495594.94  980643.62 154995514.75
3 1.00e-02 8.86e-04 5191906.00 4771306.50 6164378.00 7395154.50 8325384.50 9252549.00 9599368.00 9785873.00 9539534.00 9087971.00 8360802.50 7602027.50 6943398.00 6401934.50 5759759.50 5007702.00 4272020.00 3594507.75 2939331.50 2226859.50 1856023.62 1294900.88  925996.00  713613.94  442349.97  874862.62 138329514.28
