1 0.00e+00 0.00e+00   46546.00   50539.00   67211.00   82269.00   94055.00  103096.00  107690.00  109057.00  107360.00  101548.00   93740.00   84848.00   77726.00   70558.00   63024.00   54918.00   47432.00   39272.00   32399.00   25810.00   20113.00   14362.00   10285.00    7287.00    4643.00    6916.00 1522704.00
2 0.00e+00 0.00e+00   47744.00   51400.00   68765.00   83499.00   95373.00  104565.00  109252.00  110595.00  108837.00  103218.00   95709.00   86603.00   78919.00   71522.00   64665.00   56084.00   47854.00   39931.00   32980.00   25885.00   20417.00   14858.00   10700.00    7640.00    4720.00    6896.00 1548631.00
3 0.00e+00 0.00e+00   42318.00   46720.00   61925.00   74752.00   84991.00   93809.00   98367.00   98824.00   96727.00   91967.00   84864.00   76950.00   70286.00   64547.00   57438.00   50325.00   43266.00   36028.00   29016.00   23167.00   18292.00   13321.00    9581.00    6274.00    4433.00    5041.00 1383229.00
4 0.00e+00 0.00e+00    5472.00    6023.00    8179.00    9644.00   11255.00   12163.00   12841.00   13162.00   12764.00   12152.00   11133.00   10229.00    9247.00    8590.00    7504.00    6510.00    5661.00    4822.00    3803.00    3125.00    2425.00    1725.00    1226.00     833.00     557.00     633.00  181678.00
5 0.00e+00 0.00e+00    5580.00    6010.00    8046.00    9866.00   11369.00   12294.00   12921.00   13105.00   12864.00   12156.00   11401.00   10310.00    9335.00    8412.00    7640.00    6756.00    5750.00    4839.00    3874.00    3032.00    2485.00    1783.00    1261.00     876.00     566.00     630.00  183161.00
6 0.00e+00 0.00e+00    5324.00    6017.00    8107.00    9818.00   11048.00   12111.00   12766.00   13080.00   12733.00   12149.00   11144.00   10175.00    9204.00    8358.00    7436.00    6627.00    5592.00    4859.00    3767.00    2966.00    2385.00    1741.00    1263.00     773.00     544.00     610.00  180597.00

1 1.00e-02 1.00e-04   46517.76   50520.82   67193.74   82259.52   94049.07  103090.66  107685.66  109053.93  107358.19  101546.51   93738.67   84846.84   77724.91   70557.16   63023.43   54917.59   47431.62   39271.66   32398.67   25809.71   20112.73   14361.74   10284.83    7286.85    4642.90    6915.95 1522601.10
2 1.00e-02 1.00e-04   47716.35   51382.31   68747.77   83489.77   95367.07  104560.04  109247.82  110592.01  108835.16  103216.48   95707.71   86601.84   78917.95   71521.23   64664.45   56083.60   47853.63   39930.68   32979.68   25884.70   20416.73   14857.77   10699.83    7639.86    4719.90    6895.95 1548530.29
3 1.00e-02 1.00e-04   42293.11   46705.39   61909.76   74740.54   84985.70   93804.45   98362.98   98820.16   96725.20   91965.70   84862.79   76948.98   70285.01   64546.02   57437.31   50324.64   43265.66   36027.69   29015.71   23166.74   18291.76   13320.77    9580.76    6273.85    4432.91    5040.95 1383134.55
4 1.00e-02 1.00e-04    5434.32    5996.34    8149.87    9615.56   11227.99   12136.92   12816.98   13142.61   12747.18   12137.67   11120.78   10218.55    9238.37    8583.71    7498.85    6505.90    5657.68    4819.32    3800.96    3123.45    2423.92    1724.28    1225.52     832.70     556.81     632.87  181369.13
5 1.00e-02 1.00e-04    5541.41    5983.42    8017.43    9836.93   11341.67   12267.58   12896.74   13085.63   12847.00   12141.63   11388.54   10299.42    9326.24    8405.86    7634.76    6751.75    5746.59    4836.30    3871.92    3030.50    2483.88    1782.26    1260.51     875.68     565.81     629.87  182849.31
6 1.00e-02 1.00e-04    5287.17    5990.26    8078.00    9788.85   11021.18   12084.92   12741.99   13060.48   12716.11   12134.58   11131.73   10164.58    9195.33    8351.82    7430.89    6622.80    5588.73    4856.28    3764.96    2964.52    2383.92    1740.27    1262.50     772.72     543.82     609.88  180288.27

1 1.00e-02 1.67e-04   46516.35   50520.08   67192.87   82257.95   94048.86  103090.52  107685.52  109053.52  107357.92  101546.45   93738.64   84846.77   77724.91   70557.02   63023.33   54917.57   47431.60   39271.65   32398.66   25809.69   20112.72   14361.72   10284.80    7286.84    4642.89    6915.94 1522594.80
2 1.00e-02 1.67e-04   47715.04   51381.69   68747.02   83488.04   95366.86  104559.89  109247.68  110591.63  108834.90  103216.41   95707.69   86601.78   78917.95   71521.09   64664.37   56083.59   47853.61   39930.68   32979.67   25884.68   20416.72   14857.76   10699.78    7639.85    4719.90    6895.94 1548524.21
3 1.00e-02 1.67e-04   42291.89   46704.66   61909.57   74738.88   84985.50   93804.21   98362.92   98820.09   96724.57   91965.66   84862.73   76948.96   70284.99   64546.02   57437.12   50324.58   43265.66   36027.68   29015.69   23166.74   18291.76   13320.76    9580.76    6273.82    4432.90    5040.95 1383129.08
4 1.00e-02 1.67e-04    5433.00    5995.39    8148.93    9614.55   11226.91   12136.46   12816.04   13141.38   12746.60   12137.31   11120.47   10218.33    9238.08    8583.10    7498.77    6505.73    5657.57    4819.28    3800.93    3123.38    2423.89    1724.27    1225.50     832.69     556.80     632.86  181358.24
5 1.00e-02 1.67e-04    5540.06    5982.48    8016.50    9835.84   11340.58   12267.15   12895.81   13084.36   12846.44   12141.27   11388.21   10299.20    9325.96    8405.25    7634.68    6751.57    5746.48    4836.26    3871.90    3030.43    2483.85    1782.24    1260.49     875.67     565.80     629.86  182838.35
6 1.00e-02 1.67e-04    5285.89    5989.29    8077.04    9787.80   11020.11   12084.51   12741.05   13059.21   12715.53   12134.22   11131.43   10164.35    9195.04    8351.21    7430.81    6622.62    5588.61    4856.24    3764.94    2964.45    2383.89    1740.26    1262.49     772.71     543.81     609.87  180277.37

1 1.00e-02 2.78e-04   46512.76   50518.21   67191.08   82254.05   94047.24  103090.07  107684.92  109052.73  107357.09  101546.16   93738.51   84846.67   77724.77   70556.85   63023.05   54917.37   47431.56   39271.60   32398.64   25809.66   20112.68   14361.71   10284.74    7286.78    4642.88    6915.93 1522577.72
2 1.00e-02 2.78e-04   47711.21   51379.85   68745.16   83484.20   95365.10  104559.46  109247.16  110590.77  108834.07  103216.09   95707.57   86601.68   78917.82   71520.93   64664.11   56083.35   47853.58   39930.63   32979.65   25884.65   20416.68   14857.75   10699.72    7639.78    4719.89    6895.94 1548506.77
3 1.00e-02 2.78e-04   42288.23   46702.58   61908.34   74736.48   84982.49   93803.76   98362.62   98819.99   96723.28   91965.20   84862.68   76948.77   70284.96   64545.99   57437.02   50324.12   43265.57   36027.67   29015.65   23166.69   18291.75   13320.75    9580.75    6273.81    4432.89    5040.94 1383112.99
4 1.00e-02 2.78e-04    5429.50    5992.84    8145.97    9611.97   11223.64   12135.00   12813.80   13137.73   12745.32   12135.89   11119.80   10217.71    9237.37    8581.74    7498.08    6505.38    5657.23    4819.07    3800.87    3123.29    2423.73    1724.21    1225.46     832.66     556.78     632.85  181327.91
5 1.00e-02 2.78e-04    5536.46    5979.95    8013.62    9833.22   11337.23   12265.70   12893.54   13080.74   12845.17   12139.83   11387.51   10298.58    9325.24    8403.96    7633.93    6751.23    5746.12    4836.05    3871.83    3030.35    2483.69    1782.18    1260.46     875.64     565.78     629.85  182807.85
6 1.00e-02 2.78e-04    5282.44    5986.77    8074.13    9785.21   11016.94   12082.95   12738.87   13055.69   12714.20   12132.75   11130.71   10163.72    9194.35    8349.92    7430.03    6622.29    5588.25    4856.00    3764.87    2964.37    2383.73    1740.19    1262.45     772.68     543.79     609.86  180247.17

1 1.00e-02 4.64e-04   46502.91   50513.75   67186.41   82248.72   94038.76  103086.58  107683.72  109051.62  107355.35  101543.77   93737.34   84846.31   77724.47   70556.55   63022.70   54916.92   47430.92   39271.29   32398.40   25809.59   20112.60   14361.64   10284.67    7286.70    4642.82    6915.90 1522530.42
2 1.00e-02 4.64e-04   47701.11   51375.30   68740.78   83478.98   95357.02  104555.88  109246.03  110589.75  108832.26  103213.88   95706.40   86601.31   78917.53   71520.66   64663.77   56082.88   47852.98   39930.29   32979.44   25884.58   20416.61   14857.68   10699.65    7639.70    4719.83    6895.90 1548460.21
3 1.00e-02 4.64e-04   42275.23   46696.80   61903.88   74734.42   84975.13   93797.27   98361.52   98819.09   96722.98   91963.09   84860.44   76948.34   70284.69   64545.74   57436.93   50323.98   43265.00   36027.02   29015.26   23166.62   18291.69   13320.69    9580.69    6273.79    4432.87    5040.92 1383064.09
4 1.00e-02 4.64e-04    5420.54    5986.17    8138.63    9604.58   11216.67   12127.05   12809.61   13133.12   12738.35   12131.17   11116.72   10215.45    9236.08    8580.49    7495.98    6503.72    5656.12    4818.30    3800.16    3122.92    2423.50    1724.01    1225.32     832.58     556.73     632.82  181246.79
5 1.00e-02 4.64e-04    5527.31    5973.31    8006.36    9825.68   11330.24   12257.55   12889.30   13076.22   12838.11   12135.04   11384.43   10296.25    9323.94    8402.74    7631.82    6749.46    5744.99    4835.27    3871.10    3029.99    2483.45    1781.98    1260.32     875.55     565.73     629.82  182725.94
6 1.00e-02 4.64e-04    5273.70    5980.06    8066.78    9777.63   11010.06   12074.96   12734.52   13051.22   12707.26   12127.93   11127.64   10161.35    9193.05    8348.75    7428.04    6620.54    5587.12    4855.23    3764.16    2964.00    2383.50    1739.99    1262.31     772.61     543.74     609.83  180165.97

1 1.00e-02 7.74e-04   46479.84   50493.30   67168.15   82234.14   94029.77  103073.91  107671.10  109041.66  107350.73  101541.50   93734.41   84842.83   77721.42   70553.63   63021.21   54915.94   47430.36   39270.51   32397.63   25808.62   20111.88   14360.99   10284.32    7286.56    4642.68    6915.79 1522382.88
2 1.00e-02 7.74e-04   47678.88   51355.93   68721.93   83464.70   95348.27  104543.59  109233.98  110580.01  108827.55  103211.59   95703.49   86597.79   78914.55   71517.90   64662.30   56081.91   47852.45   39929.59   32978.70   25883.68   20415.87   14857.06   10699.25    7639.57    4719.70    6895.79 1548316.03
3 1.00e-02 7.74e-04   42242.17   46680.15   61893.82   74720.35   84967.70   93789.01   98350.44   98808.48   96715.58   91961.32   84858.88   76945.61   70281.91   64543.14   57434.19   50322.68   43264.54   36026.69   29014.72   23165.91   18290.95   13320.22    9580.45    6273.60    4432.71    5040.85 1382926.07
4 1.00e-02 7.74e-04    5401.83    5970.47    8120.57    9586.54   11198.05   12110.23   12793.16   13118.64   12726.44   12121.47   11108.04   10207.21    9229.85    8575.44    7492.21    6500.63    5653.72    4816.40    3798.82    3121.73    2422.69    1723.47    1224.97     832.35     556.59     632.72  181044.23
5 1.00e-02 7.74e-04    5508.18    5957.65    7988.65    9807.15   11311.33   12240.56   12872.68   13061.79   12825.99   12125.38   11375.52   10287.98    9317.57    8397.80    7627.97    6746.23    5742.53    4833.34    3869.75    3028.84    2482.62    1781.42    1259.96     875.31     565.58     629.72  182521.48
6 1.00e-02 7.74e-04    5255.43    5964.32    8048.84    9759.17   10991.62   12058.17   12718.10   13036.71   12695.17   12118.25   11118.94   10153.25    9186.75    8343.80    7424.27    6617.35    5584.78    4853.26    3762.82    2962.87    2382.70    1739.44    1261.95     772.40     543.60     609.73  179963.69

1 1.00e-02 1.29e-03   46415.34   50456.61   67128.00   82185.79   93976.45  103025.93  107630.55  109013.27  107332.60  101523.17   93718.15   84827.80   77708.62   70542.87   63013.50   54911.54   47425.63   39266.28   32393.60   25805.76   20110.08   14359.89   10283.51    7285.89    4642.29    6915.45 1521898.57
2 1.00e-02 1.29e-03   47614.48   51321.43   68681.34   83417.42   95295.14  104496.26  109193.41  110552.41  108808.97  103193.54   95687.73   86583.23   78901.88   71507.16   64654.68   56077.34   47847.86   39925.49   32974.71   25880.80   20414.13   14855.97   10698.46    7638.90    4719.33    6895.48 1547837.54
3 1.00e-02 1.29e-03   42171.92   46623.59   61841.88   74671.79   84927.13   93755.64   98319.36   98780.21   96699.99   91944.95   84844.38   76933.13   70270.02   64531.96   57425.99   50318.33   43260.38   36022.82   29011.65   23163.94   18289.77   13319.36    9579.60    6272.84    4432.15    5040.61 1382453.40
4 1.00e-02 1.29e-03    5382.88    5945.07    8087.36    9550.12   11159.37   12072.20   12756.40   13085.14   12696.78   12095.79   11085.45   10190.02    9215.06    8562.35    7482.38    6492.50    5647.02    4811.13    3794.92    3118.87    2420.55    1722.05    1224.01     831.75     556.21     632.45  180617.81
5 1.00e-02 1.29e-03    5489.01    5932.26    7955.97    9769.85   11272.19   12202.06   12835.66   13028.28   12796.14   12099.62   11352.41   10270.50    9302.64    8384.98    7617.89    6737.85    5735.65    4828.03    3865.77    3026.07    2480.41    1779.95    1258.99     874.67     565.19     629.45  182091.49
6 1.00e-02 1.29e-03    5237.07    5938.90    8015.84    9722.00   10953.42   12020.10   12681.50   13003.07   12665.63   12092.34   11096.24   10135.94    9171.96    8330.96    7414.42    6609.07    5578.10    4847.89    3758.90    2960.14    2380.56    1737.99    1260.96     771.83     543.23     609.48  179537.58

1 1.00e-02 2.15e-03   46310.21   50335.93   67034.44   82082.56   93872.68  102919.52  107541.03  108932.61  107256.68  101459.35   93661.20   84783.46   77670.23   70514.70   62988.36   54890.73   47409.36   39252.14   32382.30   25798.26   20105.25   14356.71   10281.25    7284.19    4641.11    6914.53 1520678.80
2 1.00e-02 2.15e-03   47505.80   51200.73   68588.66   83315.07   95190.18  104391.68  109107.20  110471.09  108733.07  103129.67   95630.33   86539.80   78863.51   71479.26   64629.36   56055.93   47832.07   39911.62   32963.46   25873.63   20409.16   14852.82   10696.09    7637.25    4718.20    6894.59 1546620.23
3 1.00e-02 2.15e-03   42071.11   46512.28   61675.61   74501.53   84769.19   93662.41   98240.85   98723.85   96631.20   91880.76   84796.39   76902.94   70245.12   64516.77   57410.80   50300.06   43244.02   36010.19   29003.56   23157.01   18283.61   13314.95    9576.23    6270.76    4431.10    5039.67 1381171.97
4 1.00e-02 2.15e-03    5412.93    5949.03    8075.83    9522.71   11119.05   12023.30   12701.98   13029.12   12644.57   12046.77   11043.24   10152.85    9183.06    8534.76    7459.20    6473.87    5631.63    4798.72    3785.81    3111.73    2415.34    1718.55    1221.64     830.23     555.24     631.75  180072.93
5 1.00e-02 2.15e-03    5519.69    5936.10    7944.43    9741.79   11231.53   12152.57   12780.77   12972.50   12743.47   12050.48   11309.19   10233.00    9270.18    8357.97    7594.28    6718.46    5719.90    4815.52    3856.48    3019.16    2475.05    1776.33    1256.58     873.07     564.21     628.75  181541.47
6 1.00e-02 2.15e-03    5266.67    5943.14    8004.76    9694.37   10914.25   11971.53   12627.28   12947.55   12613.40   12043.29   11053.77   10098.90    9139.96    8303.98    7391.46    6589.95    5562.87    4835.29    3749.79    2953.32    2375.39    1734.43    1258.53     770.43     542.30     608.82  178995.43

1 1.00e-02 3.59e-03   46218.34   50259.63   66857.79   81902.74   93691.70  102739.98  107341.45  108755.74  107123.99  101328.65   93550.51   84682.70   77587.48   70437.93   62936.95   54847.13   47370.10   39221.38   32358.03   25778.10   20087.21   14342.91   10273.10    7279.16    4638.25    6911.57 1518522.50
2 1.00e-02 3.59e-03   47412.45   51120.78   68405.98   83135.59   95013.56  104211.64  108906.62  110310.70  108599.12  102999.10   95520.78   86437.98   78780.32   71405.68   64579.96   56011.83   47793.68   39881.21   32939.10   25853.35   20391.20   14838.72   10687.73    7632.08    4715.43    6891.75 1544476.36
3 1.00e-02 3.59e-03   41919.32   46367.28   61493.77   74304.45   84513.80   93313.98   97973.41   98479.25   96445.09   91707.10   84615.99   76729.02   70114.84   64429.32   57332.57   50240.60   43193.04   35961.19   28961.47   23128.90   18266.67   13303.60    9568.83    6266.39    4428.32    5037.59 1378095.78
4 1.00e-02 3.59e-03    5403.79    5988.71    8141.57    9594.95   11184.03   12070.70   12728.73   13034.78   12633.74   12024.63   11014.59   10119.40    9149.11    8501.12    7428.53    6446.55    5607.68    4778.33    3769.92    3098.89    2405.60    1711.80    1216.96     827.16     553.24     630.12  180064.63
5 1.00e-02 3.59e-03    5510.40    5976.15    8009.52    9816.10   11297.75   12200.99   12808.32   12978.50   12732.76   12028.58   11279.61   10199.50    9236.12    8324.90    7563.08    6690.10    5695.58    4795.05    3840.28    3006.70    2465.04    1769.34    1251.78     869.81     562.17     627.12  181535.24
6 1.00e-02 3.59e-03    5257.03    5982.67    8069.94    9768.41   10979.15   12019.68   12654.93   12954.13   12603.33   12021.80   11025.50   10065.98    9106.45    8271.32    7361.12    6562.20    5539.19    4814.73    3734.02    2941.10    2365.76    1727.59    1253.71     767.57     540.35     607.28  178994.93

1 1.00e-02 5.99e-03   46104.17   50132.59   66719.15   81672.63   93397.55  102426.79  107037.53  108403.40  106712.54  101090.13   93362.55   84498.43   77406.89   70267.05   62759.49   54695.64   47252.11   39146.25   32294.77   25730.04   20053.81   14324.08   10259.29    7268.95    4632.22    6905.32 1514553.36
2 1.00e-02 5.99e-03   47289.71   50990.31   68263.09   82894.50   94709.71  103899.12  108591.77  109932.91  108194.23  102786.15   95333.65   86256.45   78604.01   71232.45   64394.85   55856.46   47681.55   39807.84   32875.61   25805.49   20358.31   14820.53   10673.22    7621.94    4709.60    6885.70 1540469.13
3 1.00e-02 5.99e-03   41997.37   46234.53   61262.29   74038.07   84282.57   93090.78   97635.65   98099.36   96032.02   91343.98   84354.54   76522.04   69944.28   64260.97   57185.82   50106.72   43083.72   35885.41   28910.24   23089.16   18233.89   13280.83    9553.52    6256.54    4421.63    5032.52 1374138.43
4 1.00e-02 5.99e-03    5413.44    5963.40    8086.41    9540.57   11158.53   12089.56   12789.20   13126.73   12735.00   12122.55   11099.31   10189.37    9202.49    8540.68    7454.18    6461.49    5614.91    4779.88    3768.10    3095.26    2401.31    1707.81    1213.69     824.58     551.38     627.58  180557.41
5 1.00e-02 5.99e-03    5520.22    5951.07    7954.47    9759.59   11270.74   12219.15   12868.40   13069.83   12834.88   12126.96   11366.66   10270.55    9290.50    8363.67    7589.52    6705.69    5703.70    4796.93    3838.44    3003.07    2460.76    1765.22    1248.29     867.15     560.28     624.57  182030.31
6 1.00e-02 5.99e-03    5266.72    5958.00    8015.27    9712.11   10951.84   12036.64   12713.86   13044.24   12703.97   12119.89   11110.75   10136.32    9160.33    8310.57    7386.95    6578.09    5546.63    4817.01    3732.71    2937.88    2361.82    1723.69    1250.30     765.18     538.50     604.82  179484.10

1 1.00e-02 1.00e-02   46369.90   50122.24   66640.69   81531.27   93239.39  102241.43  106893.36  108272.27  106607.97  100830.70   93079.24   84252.72   77203.41   70099.58   62686.71   54634.09   47181.82   39075.52   32240.18   25685.01   20015.42   14293.54   10238.30    7254.52    4622.97    6893.21 1512205.46
2 1.00e-02 1.00e-02   47555.56   50972.44   68175.26   82743.74   94545.20  103708.45  108449.08  109802.41  108076.30  102487.44   95034.23   85998.88   78389.83   71071.19   64330.69   55797.48   47608.28   39734.85   32820.58   25760.23   20318.52   14788.43   10651.88    7607.01    4700.35    6874.00 1538002.30
3 1.00e-02 1.00e-02   42168.30   46621.73   61709.62   74334.30   84385.33   93048.46   97489.60   97880.70   95797.00   91078.23   84089.87   76292.34   69699.66   64045.00   57001.34   49947.69   42948.45   35776.49   28825.69   23020.40   18180.43   13242.54    9526.49    6239.66    4409.77    5022.10 1372781.17
4 1.00e-02 1.00e-02    5412.07    5966.54    8088.06    9566.57   11195.65   12106.39   12767.90   13066.28   12653.42   12039.18   11031.64   10144.96    9182.67    8542.16    7472.24    6489.98    5648.53    4814.11    3797.70    3120.65    2421.16    1721.67    1223.14     830.56     555.09     627.98  180486.27
5 1.00e-02 1.00e-02    5518.30    5954.81    7956.60    9785.70   11307.91   12237.11   12848.56   13010.48   12752.95   12043.04   11296.55   10224.55    9269.38    8365.15    7607.28    6735.25    5736.56    4830.90    3868.70    3027.89    2481.15    1779.62    1257.99     873.51     564.06     625.01  181959.00
6 1.00e-02 1.00e-02    5264.98    5962.12    8016.55    9737.85   10988.25   12054.92   12694.73   12985.77   12623.61   12036.43   11042.00   10090.44    9139.14    8310.55    7404.13    6605.99    5579.53    4850.59    3761.54    2961.87    2381.30    1737.73    1260.04     770.76     542.08     605.05  179407.96


1 1.46e-02 1.00e-04   46517.51   50520.70   67193.44   82259.30   94049.02  103090.62  107685.65  109053.83  107358.15  101546.49   93738.66   84846.83   77724.91   70557.13   63023.40   54917.59   47431.61   39271.66   32398.67   25809.71   20112.72   14361.73   10284.83    7286.84    4642.90    6915.94 1522599.84
2 1.46e-02 1.00e-04   47716.12   51382.20   68747.57   83489.52   95367.03  104559.98  109247.81  110591.95  108835.11  103216.46   95707.71   86601.83   78917.95   71521.20   64664.43   56083.60   47853.63   39930.68   32979.67   25884.70   20416.73   14857.76   10699.82    7639.85    4719.90    6895.95 1548529.17
3 1.46e-02 1.00e-04   42292.88   46705.24   61909.72   74740.14   84985.67   93804.40   98362.97   98820.12   96725.10   91965.70   84862.77   76948.98   70285.01   64546.02   57437.28   50324.63   43265.66   36027.69   29015.71   23166.74   18291.76   13320.77    9580.76    6273.84    4432.91    5040.95 1383133.43
4 1.46e-02 1.00e-04    5434.08    5996.15    8149.69    9615.37   11227.78   12136.81   12816.81   13142.41   12747.07   12137.59   11120.73   10218.51    9238.30    8583.61    7498.83    6505.88    5657.66    4819.32    3800.95    3123.43    2423.91    1724.28    1225.51     832.70     556.81     632.87  181367.04
5 1.46e-02 1.00e-04    5541.15    5983.24    8017.25    9836.70   11341.48   12267.48   12896.58   13085.40   12846.90   12141.56   11388.49   10299.38    9326.17    8405.76    7634.74    6751.72    5746.57    4836.29    3871.91    3030.49    2483.87    1782.26    1260.51     875.68     565.80     629.87  182847.23
6 1.46e-02 1.00e-04    5286.92    5990.05    8077.82    9788.63   11020.97   12084.83   12741.83   13060.24   12715.99   12134.51   11131.66   10164.53    9195.26    8351.71    7430.87    6622.77    5588.70    4856.27    3764.95    2964.50    2383.92    1740.27    1262.50     772.72     543.81     609.88  180286.13

1 1.46e-02 1.67e-04   46515.49   50519.61   67192.47   82256.70   94048.74  103090.45  107685.39  109053.28  107357.77  101546.41   93738.62   84846.73   77724.90   70556.92   63023.32   54917.51   47431.59   39271.64   32398.66   25809.68   20112.72   14361.72   10284.77    7286.84    4642.89    6915.94 1522590.76
2 1.46e-02 1.67e-04   47714.14   51381.22   68746.60   83486.77   95366.73  104559.83  109247.56  110591.35  108834.71  103216.37   95707.67   86601.73   78917.94   71520.99   64664.36   56083.53   47853.61   39930.67   32979.66   25884.67   20416.72   14857.75   10699.75    7639.84    4719.89    6895.94 1548520.02
3 1.46e-02 1.67e-04   42291.14   46704.17   61909.45   74737.77   84985.31   93804.04   98362.88   98820.08   96724.20   91965.63   84862.71   76948.92   70284.98   64546.01   57437.05   50324.49   43265.65   36027.68   29015.68   23166.74   18291.76   13320.76    9580.75    6273.81    4432.90    5040.95 1383125.51
4 1.46e-02 1.67e-04    5432.16    5994.76    8148.25    9613.97   11226.09   12136.20   12815.40   13140.57   12746.24   12137.06   11120.33   10218.16    9237.89    8582.71    7498.72    6505.62    5657.50    4819.26    3800.92    3123.34    2423.86    1724.26    1225.49     832.68     556.80     632.86  181351.09
5 1.46e-02 1.67e-04    5539.18    5981.87    8015.81    9835.21   11339.75   12266.88   12895.17   13083.52   12846.08   12140.99   11388.06   10299.04    9325.77    8404.86    7634.63    6751.45    5746.41    4836.23    3871.88    3030.40    2483.82    1782.23    1260.48     875.66     565.80     629.86  182831.05
6 1.46e-02 1.67e-04    5285.04    5988.68    8076.34    9787.21   11019.29   12084.23   12740.42   13058.42   12715.16   12133.93   11131.28   10164.20    9194.85    8350.82    7430.76    6622.51    5588.54    4856.21    3764.93    2964.42    2383.86    1740.24    1262.48     772.70     543.81     609.87  180270.16

1 1.46e-02 2.78e-04   46510.23   50517.00   67189.77   82252.02   94045.72  103089.70  107684.62  109052.52  107356.30  101545.66   93738.41   84846.62   77724.68   70556.80   63022.90   54917.24   47431.39   39271.59   32398.61   25809.65   20112.67   14361.68   10284.74    7286.75    4642.85    6915.92 1522566.03
2 1.46e-02 2.78e-04   47708.44   51378.64   68743.90   83482.16   95363.62  104559.09  109246.84  110590.58  108833.30  103215.62   95707.48   86601.63   78917.72   71520.88   64663.97   56083.22   47853.41   39930.62   32979.61   25884.64   20416.66   14857.72   10699.72    7639.75    4719.86    6895.93 1548495.01
3 1.46e-02 2.78e-04   42285.06   46701.25   61907.08   74736.21   84979.09   93803.54   98362.23   98819.90   96723.19   91964.14   84862.58   76948.70   70284.87   64545.96   57437.01   50324.02   43265.25   36027.63   29015.65   23166.68   18291.72   13320.75    9580.74    6273.80    4432.88    5040.94 1383100.88
4 1.46e-02 2.78e-04    5427.00    5991.05    8144.18    9610.27   11221.47   12133.30   12812.93   13136.10   12743.37   12134.90   11119.11   10217.36    9237.01    8581.26    7497.15    6505.17    5656.96    4818.89    3800.74    3123.25    2423.68    1724.13    1225.43     832.64     556.77     632.84  181306.98
5 1.46e-02 2.78e-04    5533.91    5978.17    8011.82    9831.50   11334.99   12263.93   12892.70   13079.18   12843.11   12138.81   11386.82   10298.23    9324.89    8403.44    7632.99    6751.01    5745.86    4835.84    3871.70    3030.31    2483.64    1782.10    1260.42     875.62     565.77     629.84  182786.62
6 1.46e-02 2.78e-04    5280.00    5984.94    8072.29    9783.46   11014.76   12081.16   12738.07   13054.09   12712.18   12131.77   11130.01   10163.39    9194.03    8349.44    7429.17    6622.03    5588.00    4855.79    3764.72    2964.33    2383.69    1740.11    1262.41     772.66     543.78     609.85  180226.16

1 1.46e-02 4.64e-04   46496.11   50509.30   67184.23   82245.98   94036.04  103080.76  107681.32  109050.82  107354.64  101543.23   93735.68   84845.21   77724.08   70556.33   63022.58   54916.68   47430.81   39270.91   32398.04   25809.31   20112.48   14361.58   10284.62    7286.68    4642.77    6915.87 1522496.07
2 1.46e-02 4.64e-04   47694.38   51371.02   68738.21   83476.42   95354.48  104550.11  109243.48  110589.03  108831.53  103213.35   95704.83   86600.23   78917.09   71520.45   64663.67   56082.65   47852.88   39929.94   32979.09   25884.33   20416.46   14857.62   10699.61    7639.68    4719.78    6895.87 1548426.21
3 1.46e-02 4.64e-04   42265.93   46694.27   61900.15   74731.53   84974.27   93793.17   98356.59   98818.60   96722.21   91962.90   84860.11   76946.23   70284.02   64545.64   57436.70   50323.85   43264.95   36027.00   29015.02   23166.04   18291.43   13320.65    9580.67    6273.73    4432.82    5040.91 1383029.38
4 1.46e-02 4.64e-04    5413.96    5981.31    8133.26    9599.50   11211.34   12122.69   12803.92   13130.23   12736.05   12127.53   11113.51   10213.63    9234.10    8579.51    7495.61    6502.95    5655.34    4817.71    3799.85    3122.58    2423.28    1723.85    1225.23     832.52     556.69     632.79  181188.93
5 1.46e-02 4.64e-04    5520.56    5968.45    8001.11    9820.48   11324.74   12253.21   12883.47   13073.34   12835.81   12131.49   11381.04   10294.48    9321.95    8401.75    7631.45    6748.68    5744.18    4834.66    3870.80    3029.65    2483.22    1781.81    1260.22     875.49     565.69     629.79  182667.51
6 1.46e-02 4.64e-04    5267.26    5975.15    8061.43    9772.44   11004.65   12070.69   12728.81   13048.19   12705.02   12124.38   11124.30   10159.60    9191.05    8347.71    7427.68    6619.79    5586.38    4854.62    3763.84    2963.68    2383.28    1739.83    1262.21     772.55     543.71     609.80  180108.05

1 1.46e-02 7.74e-04   46459.22   50480.03   67149.90   82216.41   94012.25  103067.39  107666.30  109036.15  107342.36  101533.91   93731.10   84841.62   77720.19   70552.58   63019.32   54913.71   47428.39   39269.34   32397.20   25808.30   20111.57   14360.71   10284.08    7286.36    4642.62    6915.70 1522246.68
2 1.46e-02 7.74e-04   47658.65   51342.10   68704.47   83447.66   95330.14  104537.27  109229.55  110574.66  108819.04  103204.07   95700.31   86596.62   78913.40   71516.91   64660.27   56079.59   47850.44   39928.38   32978.25   25883.36   20415.58   14856.78   10699.02    7639.37    4719.64    6895.71 1548181.26
3 1.46e-02 7.74e-04   42221.09   46655.73   61877.89   74714.29   84952.40   93781.11   98345.97   98806.08   96711.37   91951.36   84853.34   76944.33   70280.80   64542.37   57433.92   50320.99   43262.03   36024.46   29014.18   23165.61   18290.69   13319.96    9580.31    6273.53    4432.64    5040.80 1382797.21
4 1.46e-02 7.74e-04    5386.65    5958.42    8106.90    9572.91   11184.54   12097.48   12781.67   13107.42   12718.85   12112.80   11100.85   10202.98    9226.00    8571.45    7489.61    6498.69    5651.76    4814.80    3797.74    3120.96    2422.11    1723.09    1224.71     832.19     556.49     632.65  180893.74
5 1.46e-02 7.74e-04    5492.67    5945.63    7975.22    9793.26   11297.72   12227.68   12861.11   13050.53   12818.43   12116.73   11368.07   10283.68    9313.72    8393.88    7625.30    6744.27    5740.53    4831.73    3868.65    3028.09    2482.03    1781.03    1259.70     875.14     565.48     629.65  182369.92
6 1.46e-02 7.74e-04    5240.61    5952.22    8035.20    9745.22   10978.29   12045.43   12706.62   13025.40   12687.71   12109.61   11111.61   10148.88    9182.94    8339.89    7421.63    6615.42    5582.85    4851.63    3761.74    2962.13    2382.12    1739.05    1261.68     772.25     543.50     609.67  179813.27

1 1.46e-02 1.29e-03   46362.77   50411.68   67084.77   82157.20   93950.73  103002.62  107603.84  108983.06  107296.74  101497.59   93706.77   84822.13   77701.48   70536.04   63003.83   54902.84   47419.02   39263.09   32392.21   25804.29   20108.17   14358.69   10282.96    7285.60    4642.09    6915.21 1521495.41
2 1.46e-02 1.29e-03   47561.69   51275.03   68640.02   83388.11   95269.12  104473.10  109167.88  110522.46  108773.21  103167.50   95675.95   86577.55   78895.09   71500.70   64644.93   56068.34   47841.60   39922.28   32973.32   25879.40   20412.19   14854.78   10697.85    7638.61    4719.14    6895.25 1547435.10
3 1.46e-02 1.29e-03   42127.32   46567.58   61787.46   74643.87   84898.54   93720.51   98295.46   98766.33   96679.87   91924.20   84829.26   76925.22   70264.70   64527.62   57422.72   50312.49   43255.94   36020.04   29009.71   23161.88   18288.36   13318.31    9578.78    6272.43    4431.85    5040.36 1382070.81
4 1.46e-02 1.29e-03    5358.99    5921.37    8058.47    9519.78   11128.07   12041.94   12727.79   13058.95   12674.83   12075.23   11070.08   10176.15    9203.89    8553.00    7474.67    6486.45    5642.24    4807.19    3792.17    3116.68    2419.00    1721.02    1223.32     831.31     555.93     632.25  180270.77
5 1.46e-02 1.29e-03    5464.69    5908.57    7927.57    9738.83   11240.51   12171.42   12806.77   13002.23   12773.90   12079.07   11336.79   10256.49    9291.35    8375.85    7610.08    6731.52    5730.76    4824.04    3862.97    3023.96    2478.82    1778.88    1258.29     874.20     564.91     629.26  181741.72
6 1.46e-02 1.29e-03    5213.79    5915.15    7987.11    9690.99   10922.54   11989.86   12652.97   12977.04   12643.39   12071.78   11080.78   10122.07    9160.81    8321.82    7406.85    6602.81    5573.42    4843.87    3756.14    2958.05    2379.01    1736.94    1260.25     771.43     542.96     609.30  179191.12

1 1.46e-02 2.15e-03   46233.48   50261.67   66878.77   81954.70   93810.73  102847.96  107461.98  108849.42  107184.41  101408.96   93630.06   84755.23   77645.21   70485.44   62961.55   54873.03   47396.52   39245.75   32378.42   25793.76   20100.25   14352.86   10278.30    7281.98    4640.30    6913.85 1519624.60
2 1.46e-02 2.15e-03   47429.75   51124.36   68431.92   83198.67   95128.46  104319.39  109027.07  110387.25  108663.45  103079.16   95599.48   86510.40   78838.77   71450.16   64603.13   56038.51   47819.39   39904.95   32959.68   25868.93   20404.20   14849.03   10693.08    7634.96    4717.46    6893.93 1545575.56
3 1.46e-02 2.15e-03   41970.38   46445.25   61620.17   74424.92   84682.34   93526.53   98103.85   98634.56   96584.14   91848.07   84769.70   76863.19   70205.83   64482.27   57390.36   50286.88   43233.08   36003.84   28995.42   23148.63   18275.61   13309.99    9574.10    6269.68    4430.21    5039.08 1380118.08
4 1.46e-02 2.15e-03    5402.85    5927.01    8040.48    9480.01   11068.07   11970.03   12649.12   12977.60   12597.56   12004.78   11007.63   10122.30    9157.34    8512.50    7441.03    6459.15    5619.77    4789.24    3778.79    3106.31    2411.40    1715.91    1219.86     829.10     554.52     631.23  179473.60
5 1.46e-02 2.15e-03    5509.45    5914.09    7909.57    9698.12   11179.97   12098.74   12727.54   12921.18   12696.01   12008.41   11272.77   10202.12    9244.23    8336.16    7575.75    6703.18    5707.75    4805.96    3849.33    3013.92    2471.00    1773.60    1254.77     871.86     563.47     628.23  180937.19
6 1.46e-02 2.15e-03    5256.99    5921.23    7969.80    9650.98   10864.18   11918.40   12574.69   12896.17   12566.29   12001.16   11018.01   10068.35    9114.36    8282.16    7373.37    6574.90    5551.13    4825.61    3742.77    2948.14    2371.46    1731.75    1256.70     769.37     541.60     608.33  178397.88

1 1.46e-02 3.59e-03   46089.62   50113.45   66700.60   81689.38   93389.28  102549.48  107193.60  108598.66  106944.59  101163.34   93412.70   84624.40   77525.87   70381.45   62873.06   54792.50   47321.11   39180.23   32330.67   25765.91   20077.71   14335.58   10268.08    7276.21    4636.23    6909.52 1516143.23
2 1.46e-02 3.59e-03   47281.55   50971.38   68255.84   82916.77   94714.18  104032.35  108761.84  110138.88  108420.69  102833.02   95400.85   86379.38   78719.08   71347.48   64513.71   55956.76   47745.41   39841.13   32917.22   25841.24   20381.65   14831.64   10682.55    7629.20    4713.57    6889.72 1542117.09
3 1.46e-02 3.59e-03   41751.29   46217.61   61348.56   74127.45   84314.62   93107.70   97705.17   98196.98   96180.00   91548.12   84516.71   76644.13   70017.27   64302.84   57232.43   50164.14   43146.28   35940.54   28945.71   23114.06   18253.88   13296.47    9564.09    6263.32    4426.18    5036.11 1375361.67
4 1.46e-02 3.59e-03    5389.50    5984.87    8137.63    9585.22   11164.12   12039.44   12687.86   12986.41   12580.90   11970.26   10963.59   10073.37    9107.95    8463.04    7395.95    6419.17    5584.79    4759.51    3755.61    3087.57    2397.18    1706.06    1213.02     824.61     551.59     628.86  179458.07
5 1.46e-02 3.59e-03    5495.90    5972.49    8005.73    9806.23   11277.79   12169.55   12767.44   12930.36   12679.61   11974.19   11227.30   10153.01    9194.58    8287.59    7529.87    6661.66    5672.25    4776.11    3825.69    2995.74    2456.39    1763.40    1247.77     867.12     560.50     625.86  180924.10
6 1.46e-02 3.59e-03    5242.92    5978.88    8066.08    9758.70   10960.09   11988.95   12614.48   12906.27   12551.03   11967.56   10974.50   10020.07    9065.49    8234.27    7328.74    6534.24    5516.56    4795.65    3719.76    2930.32    2357.41    1721.76    1249.66     765.20     538.76     606.09  178393.44

1 1.46e-02 5.99e-03   45920.11   49941.17   66486.74   81459.55   93234.77  102251.09  106789.38  108136.92  106467.85  100787.02   93066.78   84269.66   77227.67   70147.05   62664.17   54610.83   47178.84   39087.27   32257.88   25703.32   20033.71   14306.95   10247.50    7260.91    4627.36    6900.37 1511064.91
2 1.46e-02 5.99e-03   47099.36   50799.27   68023.45   82682.80   94558.53  103713.16  108341.45  109666.76  107944.69  102453.87   95027.86   86013.97   78424.16   71113.12   64299.59   55771.10   47607.68   39746.36   32839.48   25779.46   20337.33   14802.80   10660.71    7613.68    4704.93    6880.92 1536906.48
3 1.46e-02 5.99e-03   41865.84   46022.63   60991.62   73680.59   83873.12   92655.80   97312.70   97841.59   95861.41   91188.64   84171.80   76335.36   69743.53   64085.29   57058.33   50023.95   43018.04   35836.20   28867.28   23053.09   18205.87   13262.00    9540.88    6248.69    4416.57    5028.70 1370189.54
4 1.46e-02 5.99e-03    5403.62    5948.10    8057.29    9505.83   11126.68   12067.12   12776.12   13119.50   12729.88   12115.50   11089.29   10175.56    9185.75    8521.14    7433.78    6441.19    5595.28    4761.78    3752.97    3082.30    2390.88    1700.26    1208.26     820.85     548.88     625.15  180182.95
5 1.46e-02 5.99e-03    5510.25    5936.02    7925.57    9723.81   11238.17   12196.26   12854.99   13062.66   12829.76   12120.11   11356.45   10256.91    9273.78    8344.47    7568.81    6684.63    5684.05    4778.86    3823.02    2990.45    2450.09    1757.41    1242.67     863.23     557.74     622.13  181652.31
6 1.46e-02 5.99e-03    5257.10    5943.02    7986.48    9676.57   10920.00   12013.81   12700.58   13036.83   12698.76   12113.15   11101.00   10122.95    9143.94    8291.84    7366.86    6557.63    5527.34    4798.99    3717.86    2925.63    2351.64    1716.10    1244.69     761.72     536.06     602.50  179113.03

1 1.46e-02 1.00e-02   46304.68   49943.96   66355.12   81165.05   92803.94  101753.76  106312.96  107750.38  106105.44  100492.63   92852.07   84053.16   77063.92   69975.64   62515.69   54468.04   47044.45   38968.61   32163.13   25624.52   19969.68   14264.37   10217.27    7239.93    4613.82    6882.90 1506905.11
2 1.46e-02 1.00e-02   47486.00   50786.23   67872.00   82371.24   94100.70  103202.30  107860.63  109274.74  107563.24  102186.60   94810.87   85808.49   78258.62   70938.58   64145.91   55627.44   47467.98   39628.06   32743.19   25699.98   20273.36   14758.70   10629.85    7592.05    4691.36    6864.03 1532642.16
3 1.46e-02 1.00e-02   42114.99   46583.80   61617.45   74194.42   84123.61   92622.18   96956.00   97343.84   95257.00   90610.02   83639.47   75907.67   69417.15   63782.42   56787.09   49769.29   42805.69   35667.66   28734.99   22950.08   18129.18   13206.54    9501.77    6224.10    4399.18    5013.47 1367359.06
4 1.46e-02 1.00e-02    5401.59    5952.66    8059.52    9543.75   11180.75   12091.76   12744.76   13031.60   12609.98   11993.51   10990.56   10110.93    9156.76    8523.27    7460.12    6482.74    5644.29    4811.69    3796.13    3119.32    2419.88    1720.46    1222.04     829.58     554.30     625.74  180077.68
5 1.46e-02 1.00e-02    5507.41    5941.47    7928.56    9761.92   11292.42   12222.52   12825.90   12976.36   12709.37   11997.21   11254.12   10189.93    9242.92    8346.63    7594.82    6727.74    5731.94    4828.41    3867.15    3026.66    2479.89    1778.40    1256.82     872.51     563.26     622.77  181547.12
6 1.46e-02 1.00e-02    5254.53    5949.00    7988.20    9714.12   10973.09   12040.50   12672.47   12951.83   12580.78   11990.78   11000.73   10056.06    9113.01    8291.83    7391.95    6598.31    5575.32    4847.95    3759.91    2960.63    2380.09    1736.56    1258.90     769.85     541.29     602.84  179000.52


1 2.13e-02 1.00e-04   46517.11   50520.48   67193.16   82258.95   94048.98  103090.58  107685.62  109053.72  107358.07  101546.48   93738.66   84846.80   77724.91   70557.09   63023.36   54917.59   47431.61   39271.65   32398.66   25809.70   20112.72   14361.72   10284.83    7286.84    4642.90    6915.94 1522598.13
2 2.13e-02 1.00e-04   47715.78   51382.04   68747.32   83489.06   95366.97  104559.95  109247.78  110591.84  108835.02  103216.44   95707.70   86601.81   78917.95   71521.17   64664.40   56083.60   47853.62   39930.68   32979.67   25884.69   20416.73   14857.76   10699.82    7639.85    4719.90    6895.95 1548527.49
3 2.13e-02 1.00e-04   42292.51   46705.03   61909.67   74739.65   84985.63   93804.33   98362.95   98820.11   96724.94   91965.69   84862.76   76948.98   70285.00   64546.02   57437.21   50324.62   43265.66   36027.69   29015.71   23166.74   18291.76   13320.77    9580.76    6273.84    4432.91    5040.95 1383131.87
4 2.13e-02 1.00e-04    5433.69    5995.87    8149.43    9615.07   11227.47   12136.68   12816.53   13142.02   12746.90   12137.50   11120.64   10218.44    9238.21    8583.44    7498.81    6505.83    5657.63    4819.30    3800.94    3123.41    2423.91    1724.28    1225.51     832.70     556.81     632.87  181363.88
5 2.13e-02 1.00e-04    5540.76    5982.97    8016.99    9836.40   11341.16   12267.37   12896.31   13085.03   12846.72   12141.46   11388.40   10299.31    9326.10    8405.57    7634.72    6751.68    5746.54    4836.27    3871.91    3030.46    2483.87    1782.25    1260.50     875.68     565.80     629.87  182844.11
6 2.13e-02 1.00e-04    5286.55    5989.76    8077.55    9788.33   11020.68   12084.72   12741.56   13059.88   12715.83   12134.40   11131.59   10164.47    9195.19    8351.55    7430.85    6622.72    5588.67    4856.26    3764.95    2964.48    2383.91    1740.26    1262.49     772.72     543.81     609.87  180283.05

1 2.13e-02 1.67e-04   46514.31   50518.91   67191.92   82255.48   94048.06  103090.30  107685.19  109052.91  107357.50  101546.39   93738.57   84846.70   77724.84   70556.87   63023.23   54917.44   47431.59   39271.62   32398.65   25809.67   20112.70   14361.71   10284.74    7286.82    4642.88    6915.94 1522584.97
2 2.13e-02 1.67e-04   47712.78   51380.54   68745.99   83485.55   95365.96  104559.67  109247.40  110590.95  108834.44  103216.34   95707.63   86601.71   78917.88   71520.94   64664.27   56083.44   47853.60   39930.65   32979.66   25884.66   20416.71   14857.75   10699.72    7639.83    4719.89    6895.94 1548513.89
3 2.13e-02 1.67e-04   42289.93   46703.48   61909.03   74736.82   84984.36   93803.88   98362.82   98820.05   96723.63   91965.55   84862.69   76948.87   70284.98   64546.00   57437.03   50324.32   43265.63   36027.68   29015.66   23166.72   18291.75   13320.76    9580.75    6273.81    4432.89    5040.95 1383120.04
4 2.13e-02 1.67e-04    5430.89    5993.88    8147.18    9613.08   11224.89   12135.77   12814.61   13139.25   12745.84   12136.54   11120.15   10217.95    9237.60    8582.14    7498.58    6505.47    5657.42    4819.19    3800.90    3123.31    2423.80    1724.24    1225.48     832.67     556.79     632.86  181340.49
5 2.13e-02 1.67e-04    5537.90    5980.99    8014.74    9834.32   11338.51   12266.45   12894.34   13082.19   12845.70   12140.46   11387.88   10298.83    9325.49    8404.31    7634.47    6751.31    5746.31    4836.16    3871.87    3030.37    2483.76    1782.21    1260.47     875.65     565.79     629.86  182820.34
6 2.13e-02 1.67e-04    5283.82    5987.79    8075.28    9786.31   11018.12   12083.80   12739.64   13057.12   12714.80   12133.41   11131.09   10163.98    9194.59    8350.24    7430.59    6622.37    5588.44    4856.12    3764.91    2964.39    2383.80    1740.23    1262.47     772.69     543.80     609.87  180259.67

1 2.13e-02 2.78e-04   46506.36   50515.81   67188.07   82250.38   94041.95  103088.62  107684.25  109052.01  107355.70  101544.81   93737.96   84846.46   77724.61   70556.63   63022.86   54916.94   47431.25   39271.40   32398.59   25809.61   20112.65   14361.65   10284.69    7286.75    4642.83    6915.91 1522548.75
2 2.13e-02 2.78e-04   47704.48   51377.43   68742.38   83480.64   95359.90  104557.88  109246.52  110590.09  108832.62  103214.88   95707.05   86601.46   78917.66   71520.72   64663.93   56082.91   47853.28   39930.43   32979.59   25884.60   20416.65   14857.69   10699.67    7639.75    4719.85    6895.91 1548477.96
3 2.13e-02 2.78e-04   42280.38   46698.74   61905.33   74735.80   84975.50   93801.91   98361.80   98819.65   96723.10   91963.16   84861.83   76948.66   70284.72   64545.90   57436.97   50324.01   43265.01   36027.27   29015.60   23166.67   18291.69   13320.71    9580.74    6273.79    4432.88    5040.93 1383082.75
4 2.13e-02 2.78e-04    5423.36    5988.49    8141.19    9607.43   11218.92   12130.00   12811.80   13134.12   12740.34   12133.76   11117.69   10216.60    9236.63    8580.75    7496.53    6504.24    5656.74    4818.49    3800.50    3123.11    2423.63    1724.06    1225.37     832.61     556.75     632.83  181275.94
5 2.13e-02 2.78e-04    5530.19    5975.60    8008.90    9828.54   11332.47   12260.53   12891.56   13077.23   12840.07   12137.67   11385.40   10297.48    9324.50    8402.96    7632.36    6750.00    5745.64    4835.45    3871.45    3030.17    2483.59    1782.03    1260.37     875.58     565.75     629.83  182755.33
6 2.13e-02 2.78e-04    5276.47    5982.34    8069.36    9780.57   11012.28   12077.92   12736.84   13052.17   12709.22   12130.54   11128.58   10162.58    9193.65    8348.96    7428.56    6621.06    5587.77    4855.43    3764.48    2964.17    2383.64    1740.05    1262.36     772.63     543.76     609.84  180195.22

1 2.13e-02 4.64e-04   46487.25   50501.31   67176.12   82241.55   94032.67  103076.55  107674.05  109047.58  107353.68  101542.41   93734.95   84843.71   77722.20   70555.25   63022.36   54916.45   47430.60   39270.68   32397.82   25808.84   20112.01   14361.35   10284.53    7286.61    4642.70    6915.83 1522439.07
2 2.13e-02 4.64e-04   47685.98   51363.29   68729.63   83472.01   95351.28  104546.03  109236.80  110585.66  108830.62  103212.50   95704.01   86598.67   78915.37   71519.56   64663.43   56082.45   47852.70   39929.73   32978.89   25883.89   20415.97   14857.39   10699.51    7639.62    4719.73    6895.84 1548370.54
3 2.13e-02 4.64e-04   42252.71   46687.42   61896.49   74726.50   84970.52   93792.15   98351.20   98812.19   96721.47   91961.93   84859.75   76946.05   70282.09   64543.68   57436.40   50323.67   43264.68   36026.86   29014.95   23165.99   18291.00   13320.26    9580.52    6273.66    4432.79    5040.88 1382975.82
4 2.13e-02 4.64e-04    5404.36    5974.24    8125.42    9591.78   11203.95   12115.78   12797.96   13122.80   12732.08   12124.92   11109.57   10210.28    9231.89    8576.94    7493.89    6502.17    5654.71    4816.83    3799.32    3122.24    2422.98    1723.65    1225.11     832.43     556.64     632.75  181104.69
5 2.13e-02 4.64e-04    5510.73    5961.40    7993.41    9812.51   11317.27   12246.13   12877.60   13065.87   12831.76   12128.89   11377.03   10291.01    9319.66    8399.19    7629.64    6747.90    5743.54    4833.78    3870.25    3029.33    2482.92    1781.60    1260.09     875.40     565.64     629.75  182582.29
6 2.13e-02 4.64e-04    5257.88    5968.07    8053.66    9764.52   10997.42   12063.64   12723.05   13040.78   12700.86   12121.84   11120.42   10156.30    9188.81    8345.18    7425.88    6618.96    5585.77    4853.74    3763.30    2963.35    2382.99    1739.62    1262.08     772.47     543.65     609.77  180024.01

1 2.13e-02 7.74e-04   46427.70   50469.14   67133.32   82194.03   93989.28  103039.23  107649.95  109031.13  107336.81  101527.22   93721.87   84832.09   77715.37   70550.91   63017.76   54912.55   47426.75   39267.19   32394.63   25806.70   20111.02   14360.40   10283.77    7286.00    4642.47    6915.58 1522042.85
2 2.13e-02 7.74e-04   47627.52   51331.76   68687.02   83425.92   95307.35  104509.25  109212.93  110569.69  108813.68  103197.22   95691.48   86587.30   78908.75   71515.32   64658.80   56078.41   47848.88   39926.34   32975.68   25881.78   20415.03   14856.50   10698.71    7639.03    4719.52    6895.60 1547979.47
3 2.13e-02 7.74e-04   42188.74   46638.68   61849.21   74692.59   84942.08   93764.06   98324.01   98799.49   96706.70   91948.74   84847.87   76934.66   70271.75   64540.15   57432.64   50319.80   43261.36   36023.93   29012.50   23164.29   18289.99   13319.59    9579.88    6273.28    4432.48    5040.71 1382599.19
4 2.13e-02 7.74e-04    5364.50    5940.85    8086.98    9553.06   11164.73   12079.24   12764.10   13092.39   12705.64   12101.19   11092.46   10195.19    9219.25    8566.47    7485.28    6495.40    5649.01    4812.75    3796.23    3119.83    2421.26    1722.53    1224.34     831.95     556.34     632.54  180673.52
5 2.13e-02 7.74e-04    5470.01    5928.07    7955.65    9772.95   11277.59   12209.17   12843.27   13035.59   12805.12   12105.13   11359.60   10275.81    9306.87    8389.02    7620.87    6740.86    5737.69    4829.67    3867.09    3027.00    2481.15    1780.45    1259.32     874.89     565.33     629.54  182147.73
6 2.13e-02 7.74e-04    5218.97    5934.60    8015.36    9724.95   10958.63   12027.15   12689.06   13010.41   12674.42   12097.92   11103.14   10141.21    9176.18    8334.99    7417.35    6612.03    5580.11    4849.56    3760.21    2961.06    2381.27    1738.48    1261.30     772.03     543.36     609.57  179593.31

1 2.13e-02 1.29e-03   46284.00   50368.94   67032.54   82087.55   93890.92  102953.45  107567.58  108959.27  107268.95  101470.69   93675.80   84798.05   77683.84   70527.62   62998.08   54895.00   47412.88   39256.51   32386.54   25801.88   20106.93   14357.51   10281.78    7284.67    4641.38    6914.87 1520907.24
2 2.13e-02 1.29e-03   47481.53   51235.00   68585.34   83318.84   95211.30  104423.33  109131.49  110498.84  108745.05  103142.34   95644.78   86553.41   78877.10   71491.95   64639.13   56060.52   47835.85   39915.92   32967.64   25876.92   20410.91   14853.59   10696.63    7637.71    4718.45    6894.92 1546848.50
3 2.13e-02 1.29e-03   42063.09   46515.56   61681.56   74536.82   84846.29   93690.25   98265.65   98730.23   96649.66   91904.86   84815.88   76913.07   70254.12   64519.20   57414.10   50305.90   43250.71   36015.96   29007.58   23160.15   18286.33   13316.26    9576.86    6271.45    4431.47    5040.01 1381463.03
4 2.13e-02 1.29e-03    5324.14    5886.75    8016.31    9475.55   11082.10   11998.08   12686.07   13020.75   12641.61   12047.12   11046.38   10156.85    9187.41    8539.40    7463.44    6477.71    5635.16    4801.59    3788.07    3113.56    2416.73    1719.51    1222.31     830.67     555.52     631.97  179764.76
5 2.13e-02 1.29e-03    5429.19    5874.01    7886.10    9693.57   11193.95   12127.06   12764.72   12964.12   12740.40   12050.89   11312.47   10236.96    9274.62    8362.50    7598.59    6722.50    5723.47    4818.41    3858.79    3020.94    2476.48    1777.32    1257.26     873.52     564.50     628.97  181231.30
6 2.13e-02 1.29e-03    5179.84    5880.48    7945.19    9645.80   10877.13   11945.98   12611.29   12938.83   12610.10   12043.56   11056.87   10102.68    9144.32    8308.43    7395.63    6593.92    5566.35    4838.18    3752.04    2955.06    2376.76    1735.40    1259.21     770.83     542.57     609.03  178685.49

1 2.13e-02 2.15e-03   46101.30   50175.66   66766.18   81816.05   93620.88  102697.07  107391.55  108778.57  107102.12  101323.45   93547.50   84698.97   77613.32   70466.01   62944.82   54851.32   47374.98   39227.54   32363.57   25784.19   20096.17   14349.40   10275.88    7280.21    4639.24    6912.55 1518198.51
2 2.13e-02 2.15e-03   47297.13   51037.67   68318.35   83051.37   94939.80  104178.25  108963.98  110318.35  108576.98  102992.80   95516.91   86458.97   78806.15   71430.84   64585.79   56015.99   47798.48   39886.68   32944.75   25861.19   20400.15   14845.68   10690.52    7633.19    4716.43    6892.69 1544159.08
3 2.13e-02 2.15e-03   41830.63   46313.41   61467.72   74273.92   84502.30   93395.55   97997.17   98519.81   96438.38   91712.18   84671.00   76812.76   70159.22   64457.49   57357.64   50250.71   43198.91   35974.55   28981.18   23140.75   18270.24   13305.73    9571.19    6268.06    4429.17    5038.25 1378337.90
4 2.13e-02 2.15e-03    5388.13    5894.98    7990.72    9417.50   10995.08   11892.99   12571.36   12902.20   12529.27   11943.81   10955.56   10077.86    9119.82    8479.96    7414.50    6437.75    5602.38    4775.41    3768.55    3098.41    2405.64    1712.07    1217.26     827.45     553.46     630.48  178602.61
5 2.13e-02 2.15e-03    5494.54    5882.06    7860.51    9634.09   11106.18   12020.76   12649.17   12846.02   12627.04   11947.32   11219.55   10157.14    9206.22    8304.32    7548.68    6680.99    5689.93    4792.01    3838.90    3006.27    2465.06    1769.62    1252.12     870.11     562.40     627.48  180058.48
6 2.13e-02 2.15e-03    5242.88    5889.31    7920.56    9587.38   10792.52   11841.54   12497.26   12820.95   12497.86   11939.97   10965.75   10023.83    9076.74    8250.38    7347.00    6552.98    5533.88    4811.54    3732.53    2940.59    2365.72    1727.83    1254.03     767.83     540.58     607.63  177529.08

1 2.13e-02 3.59e-03   45897.21   49943.02   66504.30   81424.88   93139.06  102187.13  106796.02  108211.24  106752.29  101001.49   93260.31   84435.58   77352.35   70223.22   62766.26   54746.88   47281.39   39145.26   32296.23   25734.35   20059.32   14327.42   10261.82    7270.92    4633.21    6906.80 1512557.95
2 2.13e-02 3.59e-03   47086.16   50804.18   68051.24   82653.21   94461.81  103653.23  108354.81  109774.38  108237.79  102671.38   95233.75   86190.76   78546.07   71189.33   64426.68   55910.25   47706.48   39806.02   32877.69   25809.79   20362.94   14823.63   10675.67    7623.78    4710.58    6887.13 1538528.76
3 2.13e-02 3.59e-03   41512.37   46002.35   61091.75   73833.91   84076.37   92930.16   97483.20   97977.05   95952.81   91306.76   84306.12   76503.83   69923.13   64231.34   57167.51   50104.09   43091.76   35900.97   28922.15   23097.15   18239.59   13284.67    9555.92    6258.37    4423.13    5033.91 1372210.38
4 2.13e-02 3.59e-03    5368.65    5979.47    8131.84    9571.06   11134.97   11994.23   12627.78   12915.06   12505.53   11893.88   10891.46   10006.66    9047.76    8408.20    7348.75    6379.53    5551.29    4732.03    3734.73    3071.06    2384.89    1697.68    1207.28     820.89     549.20     627.02  178580.89
5 2.13e-02 3.59e-03    5474.72    5967.33    8000.23    9791.88   11248.67   12124.09   12707.28   12859.46   12603.68   11897.84   11153.28   10085.80    9133.72    8233.82    7481.74    6620.50    5638.09    4748.46    3804.40    2979.73    2443.74    1754.74    1241.91     863.18     558.07     624.02  180040.40
6 2.13e-02 3.59e-03    5222.36    5973.51    8060.48    9744.63   10932.14   11944.51   12555.23   12835.87   12476.05   11891.46   10902.27    9953.74    9005.50    8180.82    7281.90    6493.79    5483.39    4767.80    3698.96    2914.59    2345.22    1713.25    1243.76     761.74     536.44     604.35  177523.74

1 2.13e-02 5.99e-03   45670.46   49671.18   66152.80   81081.85   92750.71  101755.24  106477.48  107872.48  106257.74  100516.70   92784.12   84012.91   76998.95   69982.45   62541.50   54520.84   47099.02   39002.67   32183.99   25645.25   19993.55   14281.22   10230.03    7249.57    4620.29    6893.32 1506246.34
2 2.13e-02 5.99e-03   46842.72   50520.00   67698.04   82296.92   94067.35  103226.25  108048.41  109415.23  107728.55  102174.18   94744.23   85758.30   78199.09   70951.41   64179.76   55683.47   47525.29   39661.29   32764.26   25722.40   20296.96   14776.95   10642.67    7602.42    4698.08    6874.15 1532098.37
3 2.13e-02 5.99e-03   41676.97   45730.34   60621.36   73251.52   83414.99   92224.30   96849.98   97336.73   95350.04   90751.14   83819.95   76075.22   69537.52   63915.17   56900.66   49872.98   42893.75   35740.20   28800.65   23000.68   18167.22   13235.79    9522.64    6237.19    4409.11    5023.12 1364359.21
4 2.13e-02 5.99e-03    5389.24    5925.78    8014.41    9455.16   11080.17   12034.75   12756.90   13108.84   12722.19   12105.62   11074.63   10155.46    9161.29    8492.61    7404.01    6411.51    5566.63    4735.34    3730.89    3063.36    2375.71    1689.21    1200.33     815.40     545.24     621.61  179636.28
5 2.13e-02 5.99e-03    5495.68    5914.07    7883.02    9671.61   11190.61   12163.12   12835.33   13052.09   12822.06   12110.41   11341.53   10237.00    9249.39    8316.49    7538.67    6653.87    5655.31    4752.46    3800.52    2972.03    2434.58    1745.98    1234.47     857.51     554.04     618.58  181100.41
6 2.13e-02 5.99e-03    5243.02    5921.16    7944.13    9624.75   10873.51   11980.72   12681.02   13026.05   12691.11   12103.39   11086.79   10103.45    9120.03    8264.48    7337.56    6527.82    5499.17    4772.66    3696.19    2907.73    2336.81    1704.98    1236.51     756.67     532.49     599.11  178571.31

1 2.13e-02 1.00e-02   46209.46   49689.62   65958.19   80736.03   92319.12  101192.68  105723.74  107276.02  105702.66  100072.05   92402.77   83646.23   76678.72   69682.72   62268.82   54256.11   46878.47   38833.79   32041.20   25539.30   19907.81   14218.61   10186.22    7218.52    4600.48    6867.74 1500107.07
2 2.13e-02 1.00e-02   47383.18   50519.25   67476.63   81933.11   93605.21  102629.62  107264.67  108821.60  107170.27  101729.86   94344.15   85381.52   77877.84   70639.59   63893.25   55416.71   47300.82   39494.32   32623.49   25617.48   20210.77   14712.09   10598.06    7570.19    4678.32    6849.42 1525741.43
3 2.13e-02 1.00e-02   42037.19   46531.16   61486.87   73932.34   83753.50   92134.25   96374.17   96746.58   94681.02   90055.72   83159.77   75477.97   68995.30   63408.48   56480.21   49528.67   42604.48   35497.09   28607.50   22854.81   18054.44   13154.15    9465.68    6201.34    4383.73    5000.90 1360607.31
4 2.13e-02 1.00e-02    5386.29    5932.44    8017.78    9510.51   11159.08   12070.47   12711.02   12981.07   12547.16   11927.08   10930.69   10061.17    9118.98    8495.65    7442.46    6472.13    5638.15    4808.15    3793.85    3117.39    2418.01    1718.70    1220.43     828.15     553.14     622.46  179482.41
5 2.13e-02 1.00e-02    5491.56    5922.03    7887.48    9727.22   11269.74   12201.26   12792.75   12926.52   12646.43   11930.65   11192.24   10139.33    9204.37    8319.59    7576.60    6716.76    5725.22    4824.76    3864.89    3024.86    2478.04    1776.62    1255.12     871.06     562.10     619.51  180946.70
6 2.13e-02 1.00e-02    5239.30    5929.87    7946.72    9679.53   10950.92   12019.55   12640.02   12902.21   12518.92   11924.54   10940.42   10005.96    9074.90    8264.41    7374.15    6587.12    5569.17    4844.10    3757.53    2958.80    2378.31    1734.85    1257.24     768.54     540.12     599.61  178406.82


1 3.11e-02 1.00e-04   46516.52   50520.16   67192.93   82258.18   94048.89  103090.53  107685.54  109053.58  107357.96  101546.45   93738.65   84846.78   77724.91   70557.04   63023.33   54917.58   47431.60   39271.65   32398.66   25809.69   20112.72   14361.72   10284.81    7286.84    4642.89    6915.94 1522595.54
2 3.11e-02 1.00e-04   47715.20   51381.77   68747.09   83488.28   95366.88  104559.90  109247.70  110591.68  108834.91  103216.41   95707.70   86601.79   78917.95   71521.10   64664.37   56083.59   47853.62   39930.68   32979.67   25884.68   20416.72   14857.76   10699.79    7639.85    4719.90    6895.94 1548524.91
3 3.11e-02 1.00e-04   42292.01   46704.73   61909.60   74739.03   84985.53   93804.24   98362.93   98820.09   96724.64   91965.67   84862.73   76948.97   70285.00   64546.02   57437.14   50324.59   43265.66   36027.68   29015.70   23166.74   18291.76   13320.76    9580.76    6273.82    4432.90    5040.95 1383129.66
4 3.11e-02 1.00e-04    5433.14    5995.49    8149.03    9614.65   11227.03   12136.51   12816.14   13141.50   12746.66   12137.35   11120.51   10218.35    9238.11    8583.17    7498.78    6505.75    5657.58    4819.29    3800.94    3123.38    2423.89    1724.27    1225.50     832.69     556.80     632.87  181359.39
5 3.11e-02 1.00e-04    5540.20    5982.58    8016.59    9835.96   11340.70   12267.20   12895.91   13084.50   12846.50   12141.31   11388.25   10299.22    9325.99    8405.32    7634.69    6751.60    5746.50    4836.26    3871.90    3030.44    2483.85    1782.25    1260.49     875.67     565.80     629.87  182839.54
6 3.11e-02 1.00e-04    5286.03    5989.37    8077.15    9787.91   11020.23   12084.55   12741.17   13059.35   12715.60   12134.25   11131.46   10164.38    9195.07    8351.29    7430.82    6622.64    5588.62    4856.24    3764.94    2964.46    2383.89    1740.26    1262.49     772.71     543.81     609.87  180278.56

1 3.11e-02 1.67e-04   46512.41   50518.08   67190.93   82253.80   94047.05  103090.02  107684.88  109052.73  107357.00  101546.12   93738.49   84846.67   77724.76   70556.85   63023.02   54917.36   47431.54   39271.60   32398.64   25809.66   20112.68   14361.71   10284.74    7286.77    4642.88    6915.93 1522576.33
2 3.11e-02 1.67e-04   47710.86   51379.71   68745.00   83483.98   95364.88  104559.41  109247.11  110590.76  108833.98  103216.03   95707.55   86601.67   78917.80   71520.93   64664.08   56083.34   47853.55   39930.63   32979.64   25884.65   20416.68   14857.75   10699.72    7639.77    4719.89    6895.93 1548505.31
3 3.11e-02 1.67e-04   42287.82   46702.42   61908.16   74736.45   84982.13   93803.73   98362.59   98819.98   96723.25   91965.08   84862.67   76948.76   70284.96   64545.98   57437.02   50324.09   43265.55   36027.67   29015.65   23166.69   18291.75   13320.75    9580.75    6273.81    4432.89    5040.94 1383111.57
4 3.11e-02 1.67e-04    5429.06    5992.59    8145.72    9611.70   11223.41   12134.79   12813.66   13137.48   12745.16   12135.77   11119.72   10217.65    9237.32    8581.69    7497.96    6505.37    5657.20    4819.05    3800.86    3123.29    2423.72    1724.20    1225.46     832.66     556.78     632.85  181325.12
5 3.11e-02 1.67e-04    5536.02    5979.70    8013.36    9832.96   11336.97   12265.48   12893.40   13080.52   12844.97   12139.70   11387.44   10298.54    9325.19    8403.90    7633.82    6751.22    5746.09    4836.02    3871.82    3030.35    2483.68    1782.18    1260.45     875.64     565.78     629.85  182805.03
6 3.11e-02 1.67e-04    5282.03    5986.49    8073.88    9784.97   11016.68   12082.74   12738.73   13055.49   12714.00   12132.63   11130.64   10163.67    9194.30    8349.87    7429.92    6622.28    5588.21    4855.98    3764.86    2964.37    2383.73    1740.18    1262.45     772.68     543.79     609.86  180244.42

1 3.11e-02 2.78e-04   46501.05   50512.77   67185.80   82247.96   94037.82  103085.39  107683.57  109051.51  107355.14  101543.66   93737.07   84846.06   77724.41   70556.54   63022.66   54916.86   47430.91   39271.14   32398.35   25809.54   20112.59   14361.62   10284.67    7286.70    4642.80    6915.89 1522522.48
2 3.11e-02 2.78e-04   47699.46   51374.38   68740.13   83478.23   95356.20  104554.61  109245.85  110589.66  108832.07  103213.75   95706.12   86601.05   78917.47   71520.66   64663.73   56082.84   47852.97   39930.16   32979.39   25884.54   20416.60   14857.67   10699.65    7639.69    4719.82    6895.89 1548452.57
3 3.11e-02 2.78e-04   42272.96   46696.25   61903.18   74733.64   84974.99   93795.42   98361.29   98818.91   96722.91   91963.05   84860.21   76947.96   70284.66   64545.71   57436.88   50323.96   43264.99   36027.02   29015.12   23166.54   18291.67   13320.69    9580.68    6273.77    4432.87    5040.92 1383056.26
4 3.11e-02 2.78e-04    5418.09    5984.66    8137.07    9603.21   11215.55   12125.72   12808.27   13132.72   12737.59   12130.01   11116.29   10214.88    9235.74    8580.37    7495.87    6503.49    5655.92    4818.17    3800.10    3122.82    2423.44    1723.98    1225.31     832.56     556.72     632.81  181231.37
5 3.11e-02 2.78e-04    5524.78    5971.79    8004.87    9824.23   11329.06   12256.25   12887.97   13075.81   12837.34   12133.95   11384.00   10295.71    9323.59    8402.63    7631.71    6749.22    5744.78    4835.15    3871.05    3029.89    2483.40    1781.95    1260.30     875.54     565.72     629.81  182710.49
6 3.11e-02 2.78e-04    5271.29    5978.53    8065.24    9776.21   11008.93   12073.67   12733.10   13050.82   12706.49   12126.82   11127.16   10160.80    9192.70    8348.64    7427.94    6620.31    5586.96    4855.09    3764.10    2963.92    2383.44    1739.96    1262.30     772.59     543.73     609.82  180150.56

1 3.11e-02 4.64e-04   46472.30   50487.87   67162.34   82227.68   94026.52  103072.17  107669.47  109039.71  107347.71  101540.32   93733.89   84842.63   77720.94   70553.53   63020.17   54915.42   47430.14   39270.39   32397.56   25808.55   20111.74   14360.96   10284.30    7286.47    4642.67    6915.77 1522341.23
2 3.11e-02 4.64e-04   47671.54   51350.57   68716.05   83458.59   95344.68  104542.16  109232.30  110578.12  108824.60  103210.57   95703.04   86597.59   78914.08   71517.82   64661.14   56081.39   47852.20   39929.46   32978.65   25883.61   20415.74   14857.02   10699.23    7639.49    4719.69    6895.78 1548275.11
3 3.11e-02 4.64e-04   42234.77   46673.69   61889.41   74718.30   84962.59   93787.83   98349.24   98808.14   96712.07   91959.20   84858.75   76945.05   70281.80   64543.05   57434.14   50321.33   43264.07   36026.62   29014.67   23165.76   18290.92   13320.20    9580.43    6273.59    4432.69    5040.84 1382889.13
4 3.11e-02 4.64e-04    5390.34    5963.90    8114.03    9580.59   11192.78   12105.99   12787.94   13115.94   12723.65   12118.30   11106.10   10206.49    9228.04    8574.72    7491.51    6500.01    5653.10    4815.88    3798.59    3121.57    2422.52    1723.36    1224.90     832.31     556.56     632.70  180981.81
5 3.11e-02 4.64e-04    5496.39    5951.11    7982.20    9801.06   11305.99   12236.24   12867.44   13059.09   12823.30   12122.05   11373.58   10287.23    9315.74    8397.11    7627.28    6745.62    5741.89    4832.81    3869.51    3028.69    2482.44    1781.30    1259.89     875.27     565.56     629.70  182458.47
6 3.11e-02 4.64e-04    5244.18    5957.71    8042.24    9753.02   10986.42   12053.88   12712.90   13034.00   12692.50   12114.96   11116.93   10152.55    9184.93    8343.10    7423.61    6616.75    5584.14    4852.73    3762.56    2962.73    2382.53    1739.33    1261.88     772.36     543.58     609.72  179901.23

1 3.11e-02 7.74e-04   46382.72   50430.30   67115.75   82173.72   93967.62  103014.95  107619.31  108998.10  107317.23  101519.88   93715.18   84826.20   77705.79   70540.56   63008.38   54908.80   47424.90   39265.52   32393.16   25805.40   20109.35   14359.63   10283.41    7285.84    4642.23    6915.38 1521729.29
2 3.11e-02 7.74e-04   47582.15   51295.63   68668.72   83405.42   95286.09  104485.83  109182.55  110536.95  108793.93  103189.81   95684.97   86581.77   78899.07   71504.80   64649.21   56074.40   47847.18   39924.73   32974.32   25880.47   20413.36   14855.68   10698.36    7638.86    4719.27    6895.42 1547668.96
3 3.11e-02 7.74e-04   42143.25   46604.51   61819.66   74664.34   84911.67   93744.74   98312.61   98777.24   96683.30   91939.47   84842.77   76930.28   70269.01   64531.39   57424.50   50313.68   43258.96   36022.45   29011.27   23163.14   18289.50   13319.20    9579.50    6272.77    4431.99    5040.55 1382301.78
4 3.11e-02 7.74e-04    5332.16    5915.17    8057.88    9524.03   11136.01   12052.09   12739.11   13070.70   12685.64   12085.66   11078.73   10184.09    9210.27    8558.92    7479.21    6490.39    5645.31    4809.67    3793.98    3118.13    2420.05    1721.71    1223.79     831.61     556.12     632.39  180352.81
5 3.11e-02 7.74e-04    5436.98    5902.48    7927.06    9743.16   11248.49   12181.67   12818.20   13013.94   12784.73   12089.53   11345.51   10264.57    9297.71    8381.56    7614.73    6735.61    5733.90    4826.55    3864.81    3025.36    2479.89    1779.60    1258.76     874.52     565.10     629.39  181823.84
6 3.11e-02 7.74e-04    5187.39    5908.86    7986.38    9695.20   10930.21   11999.95   12664.20   12988.68   12654.17   12082.31   11089.30   10130.12    9167.12    8327.47    7411.40    6606.83    5576.46    4846.39    3757.95    2959.43    2380.06    1737.65    1260.74     771.71     543.15     609.43  179272.55

1 3.11e-02 1.29e-03   46195.08   50262.34   66918.85   82033.15   93820.54  102864.87  107485.61  108890.75  107230.02  101437.02   93650.83   84767.85   77658.20   70502.08   62978.43   54885.82   47404.46   39250.41   32380.59   25795.71   20102.67   14355.86   10280.81    7283.84    4640.82    6914.34 1519990.95
2 3.11e-02 1.29e-03   47392.38   51124.29   68481.82   83265.82   95138.40  104335.92  109054.54  110428.30  108705.18  103108.10   95620.26   86523.11   78852.95   71466.70   64619.37   56051.22   47827.39   39909.93   32961.76   25870.87   20406.93   14852.25   10695.59    7636.88    4717.94    6894.40 1545942.30
3 3.11e-02 1.29e-03   41961.16   46456.95   61618.02   74451.05   84711.01   93565.96   98197.77   98687.29   96622.27   91870.56   84778.78   76882.21   70233.75   64504.93   57406.45   50297.99   43242.21   36007.20   28999.16   23153.79   18282.94   13313.94    9575.49    6270.38    4430.91    5039.49 1380561.65
4 3.11e-02 1.29e-03    5273.29    5836.24    7954.76    9411.00   11015.25   11933.69   12625.67   12965.31   12593.19   12005.66   11011.80   10128.18    9163.85    8519.20    7447.32    6464.82    5624.75    4793.48    3782.10    3108.99    2413.42    1717.31    1220.83     829.73     554.93     631.56  179026.32
5 3.11e-02 1.29e-03    5377.42    5823.59    7825.61    9627.49   11126.31   12061.83   12703.71   12908.80   12691.60   12009.25   11277.12   10207.99    9250.78    8342.77    7582.15    6709.08    5712.80    4810.23    3852.70    3016.51    2473.06    1775.05    1255.76     872.53     563.89     628.56  180486.59
6 3.11e-02 1.29e-03    5130.31    5829.88    7884.02    9579.84   10811.07   11881.53   12550.96   12883.41   12561.61   12001.79   11022.07   10074.07    9120.75    8288.64    7379.63    6580.64    5556.05    4829.91    3746.04    2950.69    2373.45    1733.16    1257.69     769.96     542.00     608.64  177947.81

1 3.11e-02 2.15e-03   45913.41   49997.10   66620.19   81590.95   93460.23  102522.02  107165.11  108570.48  106959.15  101261.81   93488.61   84630.57   77534.63   70399.45   62886.49   54817.87   47357.56   39211.83   32350.28   25771.73   20082.80   14339.95   10271.17    7278.07    4637.56    6910.84 1516029.86
2 3.11e-02 2.15e-03   47106.84   50864.66   68164.61   82829.82   94782.41  103998.42  108733.70  110109.98  108450.34  102931.88   95459.32   86386.16   78727.79   71364.35   64527.80   55987.62   47781.64   39871.58   32931.74   25847.18   20386.70   14836.00   10685.33    7631.02    4714.78    6891.03 1542002.73
3 3.11e-02 2.15e-03   41622.58   46142.30   61283.57   74061.66   84287.19   93124.80   97702.23   98279.94   96312.66   91604.46   84565.55   76676.46   70028.60   64342.22   57299.82   50215.14   43171.60   35950.97   28954.90   23122.45   18261.14   13301.46    9567.09    6265.14    4427.41    5037.09 1375608.41
4 3.11e-02 2.15e-03    5366.67    5848.24    7917.23    9326.18   10888.26   11780.67   12457.71   12792.49   12429.19   11854.93   10879.70   10012.87    9065.11    8432.53    7375.87    6406.51    5577.02    4755.25    3753.63    3086.87    2397.24    1706.45    1213.46     825.03     551.92     629.38  177330.40
5 3.11e-02 2.15e-03    5472.72    5835.31    7788.05    9540.63   10998.17   11907.13   12534.65   12736.62   12526.06   11858.26   11141.83   10091.47    9150.82    8257.94    7509.26    6648.52    5663.96    4771.69    3823.68    2995.11    2456.41    1763.81    1248.27     867.55     560.84     626.38  178775.14
6 3.11e-02 2.15e-03    5222.29    5842.78    7847.86    9494.50   10687.57   11729.53   12384.00   12711.59   12397.68   11850.77   10889.50    9958.92    9022.04    8204.00    7308.60    6520.95    5508.76    4791.00    3717.58    2929.57    2357.35    1722.10    1250.13     765.59     539.09     606.59  176260.33

1 3.11e-02 3.59e-03   45614.77   49686.63   66187.89   81106.09   92867.11  101843.36  106445.01  107878.81  106298.89  100615.45   92936.34   84257.27   77215.50   70101.62   62639.41   54608.38   47183.50   39084.75   32258.10   25704.33   20034.35   14308.69   10250.22    7263.48    4628.83    6902.77 1507921.54
2 3.11e-02 3.59e-03   46801.16   50543.51   67730.91   82343.62   94187.37  103306.88  108008.16  109424.88  107763.98  102277.38   94913.50   86020.76   78410.42   71071.13   64276.18   55767.39   47608.71   39743.35   32838.73   25779.99   20337.96   14804.92   10663.74    7616.28    4706.46    6883.27 1533830.62
3 3.11e-02 3.59e-03   41159.16   45688.63   60707.39   73446.98   83623.67   92438.27   97095.05   97695.47   95748.98   91074.23   84080.74   76287.55   69741.09   64118.39   57076.57   50037.20   43029.71   35838.73   28872.45   23059.97   18215.00   13268.09    9544.72    6251.45    4418.66    5030.73 1367548.89
4 3.11e-02 3.59e-03    5338.24    5971.62    8123.31    9550.39   11092.39   11928.27   12540.31   12811.09   12394.41   11782.65   10786.31    9909.22    8959.76    8327.62    7280.05    6321.50    5502.47    4691.93    3704.24    3046.97    2366.96    1685.46    1198.90     815.47     545.70     624.33  177299.56
5 3.11e-02 3.59e-03    5443.84    5959.83    7992.12    9771.00   11206.05   12057.70   12619.61   12755.98   12491.79   11786.65   11045.49   