0  145.745
0.00251256  135.77
0.00502513  126.201
0.00753769  117.031
0.0100503  108.249
0.0125628  99.856
0.0150754  91.8506
0.0175879  84.225
0.0201005  76.9776
0.0226131  70.1089
0.0251256  63.6179
0.0276382  57.4956
0.0301508  51.7381
0.0326633  46.3428
0.0351759  41.3093
0.0376884  36.6381
0.040201  32.3354
0.0427136  28.4059
0.0452261  24.8495
0.0477387  21.6667
0.0502513  18.8572
0.0527638  16.4234
0.0552764  14.2807
0.0577889  12.2872
0.0603015  10.4421
0.0628141  8.74515
0.0653266  7.19654
0.0678392  5.79768
0.0703518  4.54894
0.0728643  3.45017
0.0753769  2.5032
0.0778894  1.70878
0.080402  1.06613
0.0829146  0.574207
0.0854271  0.232156
0.0879397  0.040452
0.0904523  0
0.0929648  0.111624
0.0954774  0.376096
0.0979899  0.794151
0.100503  1.3669
0.103015  2.09853
0.105528  2.98963
0.10804  4.04165
0.110553  5.25565
0.113065  6.63213
0.115578  8.17097
0.11809  9.87393
0.120603  11.7421
0.123116  13.7755
0.125628  15.9756
0.128141  18.3745
0.130653  21.1363
0.133166  24.2889
0.135678  27.8317
0.138191  31.7649
0.140704  36.0884
0.143216  40.8019
0.145729  45.8966
0.148241  51.3709
0.150754  57.2247
0.153266  63.4591
0.155779  70.0778
0.158291  77.0883
0.160804  84.4956
0.163317  92.2998
0.165829  100.502
0.168342  109.11
0.170854  118.125
0.173367  127.547
0.175879  137.382
0.178392  147.639
0.180905  158.323
0.183417  169.431
0.18593  180.966
0.188442  192.928
0.190955  205.314
0.193467  218.127
0.19598  231.366
0.198492  245.03
0.201005  259.12
0.203518  273.636
0.20603  288.579
0.208543  303.947
0.211055  319.741
0.213568  335.961
0.21608  352.607
0.218593  369.678
0.221106  387.175
0.223618  405.098
0.226131  423.448
0.228643  442.223
0.231156  461.424
0.233668  481.051
0.236181  501.103
0.238693  521.582
0.241206  542.486
0.243719  563.816
0.246231  585.573
0.248744  607.755
0.251256  630.363
0.253769  653.396
0.256281  676.856
0.258794  700.741
0.261307  725.053
0.263819  749.79
0.266332  774.953
0.268844  800.542
0.271357  826.557
0.273869  852.997
0.276382  879.864
0.278894  907.156
0.281407  934.874
0.28392  963.019
0.286432  991.588
0.288945  1020.59
0.291457  1050.01
0.29397  1079.86
0.296482  1110.13
0.298995  1140.83
0.301508  1171.95
0.30402  1203.51
0.306533  1235.48
0.309045  1267.88
0.311558  1300.71
0.31407  1333.97
0.316583  1367.65
0.319095  1401.75
0.321608  1436.28
0.324121  1471.24
0.326633  1506.62
0.329146  1542.43
0.331658  1578.67
0.334171  1615.33
0.336683  1652.41
0.339196  1689.93
0.341709  1727.87
0.344221  1766.23
0.346734  1805.02
0.349246  1844.23
0.351759  1883.88
0.354271  1923.94
0.356784  1964.44
0.359296  2005.35
0.361809  2046.7
0.364322  2088.47
0.366834  2130.66
0.369347  2173.29
0.371859  2216.33
0.374372  2259.81
0.376884  2303.71
0.379397  2348.03
0.38191  2392.78
0.384422  2437.96
0.386935  2483.56
0.389447  2529.59
0.39196  2576.04
0.394472  2622.92
0.396985  2670.23
0.399497  2717.96
0.40201  2766.12
0.404523  2814.7
0.407035  2863.71
0.409548  2913.14
0.41206  2963
0.414573  3013.29
0.417085  3064
0.419598  3115.13
0.422111  3166.7
0.424623  3218.69
0.427136  3271.1
0.429648  3323.94
0.432161  3377.21
0.434673  3430.9
0.437186  3485.02
0.439698  3539.56
0.442211  3594.53
0.444724  3649.92
0.447236  3705.74
0.449749  3761.99
0.452261  3818.66
0.454774  3875.76
0.457286  3933.28
0.459799  3991.23
0.462312  4049.6
0.464824  4108.4
0.467337  4167.63
0.469849  4227.28
0.472362  4287.36
0.474874  4347.86
0.477387  4408.79
0.479899  4470.15
0.482412  4531.93
0.484925  4594.13
0.487437  4656.76
0.48995  4719.82
0.492462  4783.3
0.494975  4847.21
0.497487  4911.55
0.5  4976.31
