0.70  43762.24
1.30  31619.00
1.50  39816.93
1.70  47166.00
1.90  53343.20
2.10  58950.05
2.30  63872.66
2.50  66714.33
2.70  67758.83
2.90  67661.85
3.10  66622.81
3.30  64036.13
3.50  60116.07
3.70  55534.55
3.90  51454.86
4.10  47950.64
4.30  44750.70
4.50  41278.06
4.70  37681.01
4.90  33672.54
5.10  29668.45
5.30  25603.96
5.50  21696.94
5.70  18158.70
5.90  15203.11
6.10  12519.47
6.30  9805.97
6.50  7420.26
6.70  5648.55
6.90  4265.08
7.10  3104.59
7.30  2123.78
7.50  1342.50
7.70  860.02
7.90  2862.84
