  0.70  37185.69
  1.30  27737.33
  1.50  34975.76
  1.70  41494.76
  1.90  46949.69
  2.10  51843.50
  2.30  56111.11
  2.50  58531.57
  2.70  59369.34
  2.90  59259.79
  3.10  58336.56
  3.30  56039.22
  3.50  52569.43
  3.70  48495.09
  3.90  44890.55
  4.10  41791.25
  4.30  38978.77
  4.50  35931.20
  4.70  32793.74
  4.90  29289.66
  5.10  25796.26
  5.30  22262.95
  5.50  18858.03
  5.70  15771.66
  5.90  13197.15
  6.10  10872.68
  6.30   8517.18
  6.50   6436.73
  6.70   4891.79
  6.90   3689.10
  7.10   2681.15
  7.30   1831.66
  7.50   1150.15
  7.70    725.64
  7.90   2218.82
