  0.70   35986.67
  1.30   26740.36
  1.50   33820.17
  1.70   40232.19
  1.90   45643.60
  2.10   50527.59
  2.30   54812.58
  2.50   57295.23
  2.70   58223.46
  2.90   58206.28
  3.10   57378.63
  3.30   55189.45
  3.50   51831.78
  3.70   47864.62
  3.90   44348.86
  4.10   41322.06
  4.30   38570.46
  4.50   35579.36
  4.70   32492.92
  4.90   29037.58
  5.10   25587.65
  5.30   22093.44
  5.50   18722.67
  5.70   15664.86
  5.90   13112.73
  6.10   10806.85
  6.30    8468.32
  6.50    6401.80
  6.70    4866.66
  6.90    3671.14
  7.10    2668.79
  7.30    1823.69
  7.50    1145.49
  7.70     722.94
  7.90    2213.71
