-0.01  9.63756
-0.00979798  9.27218
-0.00959596  8.9335
-0.00939394  8.47374
-0.00919192  8.02723
-0.0089899  7.60719
-0.00878788  7.21371
-0.00858586  6.84673
-0.00838384  6.50631
-0.00818182  6.19247
-0.0079798  5.90506
-0.00777778  5.6442
-0.00757576  5.40954
-0.00737374  5.04559
-0.00717172  4.70329
-0.0069697  4.38752
-0.00676768  4.09816
-0.00656566  3.83459
-0.00636364  3.59557
-0.00616162  3.38015
-0.0059596  3.18505
-0.00575758  3.00978
-0.00555556  2.85427
-0.00535354  2.65062
-0.00515152  2.40261
-0.00494949  2.17435
-0.00474747  1.96596
-0.00454545  1.77718
-0.00434343  1.60805
-0.00414141  1.45853
-0.00393939  1.32858
-0.00373737  1.21781
-0.00353535  1.12606
-0.00333333  1.0533
-0.00313131  0.977104
-0.00292929  0.813845
-0.00272727  0.669646
-0.00252525  0.544411
-0.00232323  0.438171
-0.00212121  0.350886
-0.00191919  0.282568
-0.00171717  0.232164
-0.00151515  0.198288
-0.00131313  0.180868
-0.00111111  0.179947
-0.000909091  0.195508
-0.000707071  0.18222
-0.000505051  0.112884
-0.00030303  0.0599956
-0.00010101  0.0235463
0.00010101  0.0035499
0.00030303  0
0.000505051  0.0128974
0.000707071  0.0422445
0.000909091  0.0880334
0.00111111  0.150273
0.00131313  0.229171
0.00151515  0.326453
0.00171717  0.416841
0.00191919  0.427026
0.00212121  0.453619
0.00232323  0.498109
0.00252525  0.561436
0.00272727  0.643686
0.00292929  0.744809
0.00313131  0.864845
0.00333333  1.00374
0.00353535  1.16172
0.00373737  1.33915
0.00393939  1.53607
0.00414141  1.67886
0.00434343  1.78375
0.00454545  1.90766
0.00474747  2.051
0.00494949  2.21378
0.00515152  2.39599
0.00535354  2.59775
0.00555556  2.81907
0.00575758  3.06079
0.0059596  3.32605
0.00616162  3.61551
0.00636364  3.8945
0.00656566  4.08201
0.00676768  4.29238
0.0069697  4.52679
0.00717172  4.78533
0.00737374  5.06867
0.00757576  5.37808
0.00777778  5.71355
0.0079798  6.07503
0.00818182  6.46264
0.00838384  6.87636
0.00858586  7.18273
0.00878788  7.48734
0.0089899  7.81797
0.00919192  8.17464
0.00939394  8.55731
0.00959596  8.96593
0.00979798  9.4007
0.01  9.86133
