1 0.00e+00 0.00e+00   93216.00  100989.00  135111.00  164316.00  188006.00  206382.00  214651.00  217839.00  214162.00  203189.00  187844.00  169990.00  154910.00  140672.00  126486.00  109964.00   94831.00   78846.00   64425.00   51533.00   40248.00   29004.00   20509.00   14566.00    9226.00   13815.00 3044730.00
2 0.00e+00 0.00e+00   95424.00  103118.00  137980.00  167030.00  190556.00  208698.00  218386.00  221106.00  217552.00  206662.00  190767.00  172982.00  157929.00  143169.00  129341.00  111743.00   96066.00   80102.00   65965.00   51923.00   40977.00   29955.00   21336.00   15164.00    9392.00   13870.00 3097193.00
3 0.00e+00 0.00e+00   84742.00   93077.00  123325.00  149933.00  170411.00  186917.00  196348.00  197188.00  194005.00  184005.00  169717.00  154363.00  140815.00  128244.00  114878.00  100802.00   86517.00   72182.00   57863.00   46605.00   36660.00   26882.00   19067.00   12618.00    8886.00    9936.00 2765986.00
4 0.00e+00 0.00e+00   10790.00   12003.00   16284.00   19600.00   22414.00   24483.00   25754.00   26184.00   25591.00   24446.00   22278.00   20311.00   18614.00   16963.00   15196.00   13210.00   11316.00    9696.00    7565.00    6213.00    4876.00    3405.00    2463.00    1688.00    1085.00    1237.00  363665.00
5 0.00e+00 0.00e+00   11015.00   11906.00   16120.00   19918.00   22816.00   24653.00   25977.00   26148.00   26012.00   24546.00   22617.00   20808.00   18666.00   16897.00   15358.00   13517.00   11407.00    9538.00    7734.00    6006.00    4886.00    3495.00    2424.00    1710.00    1090.00    1259.00  366523.00
6 0.00e+00 0.00e+00   10688.00   11892.00   16034.00   19572.00   22327.00   24377.00   25684.00   26116.00   25490.00   24444.00   22326.00   20260.00   18586.00   16854.00   15026.00   13272.00   11212.00    9550.00    7659.00    5982.00    4768.00    3426.00    2451.00    1598.00    1077.00    1232.00  361903.00

1 1.00e-02 1.00e-04   93169.76  100966.97  135093.73  164306.52  188000.06  206376.66  214646.66  217835.92  214160.19  203187.50  187842.67  169988.84  154908.91  140671.16  126485.42  109963.59   94830.62   78845.66   64424.67   51532.71   40247.73   29003.73   20508.83   14565.84    9225.90   13814.95 3044605.18
2 1.00e-02 1.00e-04   95378.25  103096.89  137962.77  167020.77  190550.06  208693.03  218381.81  221103.00  217550.16  206660.47  190765.70  172980.83  157927.95  143168.23  129340.45  111742.59   96065.63   80101.68   65964.67   51922.70   40976.73   29954.77   21335.83   15163.85    9391.90   13869.95 3097070.68
3 1.00e-02 1.00e-04   84703.57   93057.18  123308.85  149921.53  170405.69  186912.44  196343.97  197184.16  194003.20  184003.70  169715.78  154361.98  140814.00  128243.02  114877.31  100801.64   86516.66   72181.69   57862.71   46604.74   36659.76   26881.77   19066.76   12617.81    8885.91    9935.95 2765871.79
4 1.00e-02 1.00e-04   10715.75   11949.86   16226.78   19543.24   22360.59   24430.72   25704.34   26141.39   25551.82   24410.81   22254.58   20292.64   18597.31   16948.85   15183.60   13199.98   11308.10    9690.26    7561.07    6209.89    4873.68    3403.61    2462.06    1687.37    1084.63    1236.75  363029.67
5 1.00e-02 1.00e-04   10938.42   11853.03   16063.42   19860.44   22761.65   24600.31   25926.84   26105.39   25971.92   24510.58   22592.97   20789.35   18649.21   16882.85   15345.43   13506.67   11398.98    9532.32    7729.99    6002.98    4883.67    3493.57    2423.08    1709.36    1089.62    1258.74  365880.81
6 1.00e-02 1.00e-04   10613.70   11839.07   15977.22   19515.01   22273.73   24324.58   25634.28   26073.19   25450.94   24408.69   22301.70   20241.67   18569.27   16839.72   15013.75   13261.89   11204.21    9544.24    7654.98    5978.98    4765.71    3424.57    2450.06    1597.41    1076.63    1231.75  361266.95

1 1.00e-02 1.67e-04   93166.87  100966.23  135092.86  164304.95  187999.86  206376.52  214646.52  217835.52  214159.92  203187.44  187842.64  169988.77  154908.91  140671.02  126485.33  109963.57   94830.60   78845.65   64424.66   51532.69   40247.72   29003.72   20508.80   14565.83    9225.87   13814.94 3044597.39
2 1.00e-02 1.67e-04   95375.52  103096.27  137962.02  167019.03  190549.86  208692.89  218381.67  221102.62  217549.89  206660.41  190765.69  172980.78  157927.94  143168.08  129340.37  111742.59   96065.61   80101.67   65964.66   51922.68   40976.72   29954.76   21335.78   15163.84    9391.88   13869.94 3097063.18
3 1.00e-02 1.67e-04   84701.66   93056.45  123308.66  149919.88  170405.50  186912.20  196343.92  197184.09  194002.56  184003.66  169715.72  154361.95  140813.98  128243.02  114877.12  100801.58   86516.66   72181.68   57862.69   46604.74   36659.76   26881.76   19066.76   12617.76    8885.88    9935.95 2765865.59
4 1.00e-02 1.67e-04   10713.14   11948.07   16224.53   19541.06   22359.14   24429.39   25703.16   26139.58   25551.24   24410.45   22251.28   20292.42   18597.02   16948.24   15183.52   13199.81   11307.98    9689.79    7560.91    6209.82    4873.61    3403.48    2462.03    1687.36    1084.62    1236.74  363008.37
5 1.00e-02 1.67e-04   10935.78   11851.25   16061.17   19858.13   22760.17   24599.05   25925.69   26103.50   25971.36   24510.22   22589.47   20789.13   18648.92   16882.23   15345.36   13506.50   11398.88    9531.92    7729.84    6002.92    4883.60    3493.44    2423.05    1709.35    1089.61    1258.73  365859.27
6 1.00e-02 1.67e-04   10611.11   11837.32   15974.99   19512.71   22272.16   24323.29   25633.13   26071.30   25450.36   24408.33   22298.40   20241.40   18568.98   16839.11   15013.68   13261.72   11204.10    9543.89    7654.80    5978.91    4765.63    3424.45    2450.03    1597.39    1076.62    1231.74  361245.54

1 1.00e-02 2.78e-04   93159.36  100964.36  135091.08  164301.05  187998.23  206376.06  214645.92  217834.73  214159.08  203187.16  187842.50  169988.67  154908.77  140670.84  126485.05  109963.37   94830.56   78845.59   64424.64   51532.66   40247.68   29003.71   20508.74   14565.76    9225.82   13814.93 3044576.33
2 1.00e-02 2.78e-04   95367.78  103094.43  137960.16  167015.19  190548.09  208692.45  218381.16  221101.77  217549.06  206660.08  190765.56  172980.67  157927.81  143167.92  129340.11  111742.34   96065.58   80101.62   65964.65   51922.65   40976.68   29954.75   21335.72   15163.77    9391.84   13869.93 3097041.78
3 1.00e-02 2.78e-04   84696.05   93054.37  123307.43  149917.47  170402.48  186911.75  196343.62  197183.98  194001.28  184003.19  169715.67  154361.77  140813.95  128242.98  114877.02  100801.12   86516.57   72181.67   57862.65   46604.69   36659.75   26881.75   19066.75   12617.74    8885.77    9935.94 2765847.42
4 1.00e-02 2.78e-04   10706.27   11943.10   16218.08   19535.29   22353.40   24425.98   25700.23   26134.09   25549.87   24409.03   22246.98   20288.21   18596.31   16946.87   15182.74   13199.46   11307.65    9689.56    7560.60    6209.56    4873.44    3403.33    2461.91    1687.30    1084.58    1236.71  362950.54
5 1.00e-02 2.78e-04   10928.71   11846.27   16054.83   19852.24   22754.37   24595.57   25922.79   26098.04   25969.96   24508.78   22585.30   20784.34   18648.20   16880.94   15344.52   13506.16   11398.51    9531.70    7729.50    6002.71    4883.42    3493.28    2422.93    1709.29    1089.57    1258.71  365800.66
6 1.00e-02 2.78e-04   10604.21   11832.27   15968.71   19506.96   22266.46   24319.79   25630.08   26065.93   25448.85   24406.87   22294.78   20236.74   18568.28   16837.82   15012.77   13261.39   11203.74    9543.65    7654.52    5978.69    4765.46    3424.30    2449.91    1597.34    1076.58    1231.71  361187.81

1 1.00e-02 4.64e-04   93142.09  100949.55  135086.41  164295.72  187989.75  206372.58  214644.72  217833.62  214157.34  203184.77  187841.34  169988.31  154908.47  140670.55  126484.70  109962.91   94829.91   78845.29   64424.40   51532.59   40247.60   29003.64   20508.67   14565.69    9225.70   13814.89 3044511.20
2 1.00e-02 4.64e-04   95350.31  103080.12  137955.78  167009.98  190540.02  208688.88  218380.03  221100.75  217547.25  206657.88  190764.39  172980.31  157927.53  143167.66  129339.77  111741.88   96064.98   80101.29   65964.44   51922.58   40976.61   29954.68   21335.65   15163.69    9391.73   13869.89 3096978.08
3 1.00e-02 4.64e-04   84680.82   93037.90  123302.97  149915.42  170395.12  186905.27  196342.52  197183.09  194000.98  184001.09  169713.44  154361.34  140813.69  128242.73  114876.93  100800.98   86515.99   72181.02   57862.26   46604.62   36659.68   26881.69   19066.69   12617.72    8885.75    9935.90 2765785.63
4 1.00e-02 4.64e-04   10688.62   11929.77   16203.84   19518.55   22337.00   24414.49   25691.65   26125.98   25539.46   24401.98   22243.90   20282.26   18590.11   16943.55   15180.38   13197.00   11305.77    9688.77    7559.81    6209.01    4873.07    3403.09    2461.65    1687.12    1084.48    1236.64  362797.95
5 1.00e-02 4.64e-04   10910.54   11833.02   16040.63   19835.11   22737.55   24583.86   25913.97   26090.20   25959.61   24501.57   22582.22   20778.28   18641.89   16877.61   15342.22   13503.71   11396.62    9530.89    7728.71    6002.16    4883.06    3493.05    2422.68    1709.11    1089.47    1258.63  365646.37
6 1.00e-02 4.64e-04   10586.59   11819.09   15954.54   19490.31   22249.77   24308.11   25621.54   26058.06   25438.50   24399.54   22291.71   20231.28   18562.08   16834.58   15010.48   13258.89   11201.75    9542.83    7653.73    5978.14    4765.09    3424.07    2449.65    1597.17    1076.48    1231.64  361035.63

1 1.00e-02 7.74e-04   93099.62  100912.08  135037.38  164269.38  187980.77  206359.91  214632.09  217823.66  214152.72  203182.50  187838.41  169984.83  154905.42  140667.62  126483.20  109961.94   94829.36   78844.51   64423.63   51531.62   40246.88   29002.85   20507.97   14565.35    9225.53   13814.77 3044283.98
2 1.00e-02 7.74e-04   95307.31  103043.63  137906.56  166984.19  190531.27  208676.58  218367.97  221091.00  217542.55  206655.59  190761.48  172976.78  157924.55  143164.89  129338.30  111740.91   96064.45   80100.59   65963.70   51921.68   40975.87   29953.97   21334.92   15163.36    9391.57   13869.77 3096753.43
3 1.00e-02 7.74e-04   84637.84   93014.35  123262.26  149877.83  170387.69  186897.00  196331.44  197172.47  193993.58  183999.31  169711.88  154358.61  140810.91  128240.13  114874.19  100799.67   86515.54   72180.69   57861.72   46603.91   36658.95   26881.05   19065.99   12617.24    8885.56    9935.78 2765575.55
4 1.00e-02 7.74e-04   10651.76   11898.51   16167.83   19482.09   22303.04   24376.26   25653.39   26099.74   25519.91   24385.98   22227.38   20267.89   18577.16   16933.56   15174.62   13192.01   11301.91    9684.88    7556.70    6206.34    4871.30    3402.03    2460.94    1686.67    1084.20    1236.45  362402.55
5 1.00e-02 7.74e-04   10872.72   11801.91   16005.14   19798.02   22703.06   24545.42   25875.26   26063.52   25939.76   24485.54   22565.62   20763.91   18628.95   16867.49   15336.32   13498.56   11392.71    9527.04    7725.52    5999.60    4881.27    3491.96    2421.99    1708.64    1089.20    1258.44  365247.58
6 1.00e-02 7.74e-04   10549.82   11787.89   15919.03   19453.70   22215.88   24270.18   25583.00   26030.92   25418.61   24383.56   22275.16   20216.91   18548.97   16824.31   15004.70   13253.75   11198.00    9538.95    7650.56    5975.59    4763.33    3422.99    2448.95    1596.73    1076.21    1231.45  360639.16

1 1.00e-02 1.29e-03   92993.47  100832.09  134963.14  164208.48  187909.41  206297.61  214580.48  217789.59  214134.00  203164.17  187822.14  169969.80  154892.62  140656.86  126475.17  109957.54   94824.62   78840.27   64419.55   51527.90   40243.63   29000.07   20506.37   14564.40    9224.73   13814.18 3043612.31
2 1.00e-02 1.29e-03   95202.36  102965.04  137831.41  166924.62  190460.69  208616.56  218317.28  221058.44  217523.31  206637.53  190745.72  172962.23  157911.88  143154.16  129330.56  111736.32   96059.86   80096.49   65959.70   51917.94   40972.55   29951.19   21333.33   15162.42    9390.81   13869.16 3096091.57
3 1.00e-02 1.29e-03   84478.85   92941.15  123209.40  149822.91  170324.17  186844.80  196284.31  197129.14  193976.69  183982.94  169697.38  154346.12  140799.02  128228.70  114864.27  100795.20   86511.38   72176.82   57858.12   46600.79   36655.93   26878.94   19064.83   12616.42    8884.86    9935.41 2764908.53
4 1.00e-02 1.29e-03   10614.40   11847.88   16101.69   19408.77   22223.00   24300.28   25585.71   26026.23   25459.63   24335.39   22181.84   20231.63   18549.19   16908.98   15150.26   13175.08   11288.80    9674.42    7548.68    6200.65    4867.09    3399.22    2459.01    1685.45    1083.46    1235.93  361542.70
5 1.00e-02 1.29e-03   10835.01   11751.60   15939.60   19723.54   22621.53   24468.61   25807.19   25990.34   25878.31   24434.69   22519.36   20726.30   18600.74   16843.07   15311.58   13481.06   11379.46    9516.69    7717.33    5994.11    4877.06    3489.09    2420.10    1707.41    1088.44    1257.90  364380.12
