0.01	0.99084	1.1145
0.010046	0.9908	1.1132
0.010093	0.99077	1.1119
0.010139	0.99073	1.1106
0.010186	0.9907	1.1093
0.010233	0.99066	1.108
0.01028	0.99063	1.1067
0.010328	0.99059	1.1054
0.010376	0.99056	1.1041
0.010424	0.99052	1.1027
0.010472	0.99048	1.1014
0.01052	0.99045	1.1001
0.010569	0.99041	1.0987
0.010618	0.99037	1.0974
0.010667	0.99034	1.096
0.010716	0.9903	1.0947
0.010765	0.99026	1.0933
0.010815	0.99023	1.0919
0.010865	0.99019	1.0905
0.010915	0.99015	1.0892
0.010966	0.99011	1.0878
0.011016	0.99008	1.0864
0.011067	0.99004	1.085
0.011118	0.99	1.0836
0.01117	0.98996	1.0822
0.011221	0.98992	1.0807
0.011273	0.98988	1.0793
0.011325	0.98985	1.0779
0.011378	0.98981	1.0765
0.01143	0.98977	1.075
0.011483	0.98973	1.0736
0.011536	0.98969	1.0721
0.011589	0.98965	1.0707
0.011643	0.98961	1.0692
0.011697	0.98957	1.0677
0.011751	0.98953	1.0663
0.011805	0.98949	1.0648
0.01186	0.98945	1.0633
0.011915	0.9894	1.0618
0.01197	0.98936	1.0603
0.012025	0.98932	1.0588
0.01208	0.98928	1.0573
0.012136	0.98924	1.0558
0.012192	0.9892	1.0543
0.012249	0.98916	1.0527
0.012305	0.98911	1.0512
0.012362	0.98907	1.0497
0.012419	0.98903	1.0481
0.012477	0.98898	1.0466
0.012534	0.98894	1.045
0.012592	0.9889	1.0435
0.01265	0.98885	1.0419
0.012709	0.98881	1.0403
0.012768	0.98877	1.0387
0.012826	0.98872	1.0372
0.012886	0.98868	1.0356
0.012945	0.98863	1.034
0.013005	0.98859	1.0324
0.013065	0.98854	1.0308
0.013126	0.9885	1.0291
0.013186	0.98845	1.0275
0.013247	0.98841	1.0259
0.013308	0.98836	1.0242
0.01337	0.98832	1.0226
0.013432	0.98827	1.021
0.013494	0.98822	1.0193
0.013556	0.98818	1.0176
0.013619	0.98813	1.016
0.013682	0.98808	1.0143
0.013745	0.98804	1.0126
0.013808	0.98799	1.0109
0.013872	0.98794	1.0092
0.013936	0.98789	1.0075
0.014001	0.98785	1.0058
0.014065	0.9878	1.0041
0.01413	0.98775	1.0024
0.014196	0.9877	1.0007
0.014261	0.98765	0.99896
0.014327	0.9876	0.99722
0.014393	0.98755	0.99547
0.01446	0.9875	0.99372
0.014527	0.98745	0.99197
0.014594	0.9874	0.9902
0.014661	0.98735	0.98843
0.014729	0.9873	0.98666
0.014797	0.98725	0.98487
0.014865	0.9872	0.98308
0.014934	0.98715	0.98129
0.015003	0.9871	0.97948
0.015072	0.98704	0.97767
0.015142	0.98699	0.97586
0.015212	0.98694	0.97404
0.015282	0.98689	0.97221
0.015353	0.98683	0.97037
0.015424	0.98678	0.96853
0.015495	0.98673	0.96668
0.015567	0.98668	0.96482
0.015638	0.98662	0.96296
0.015711	0.98657	0.96108
0.015783	0.98651	0.95921
0.015856	0.98646	0.95732
0.01593	0.9864	0.95543
0.016003	0.98635	0.95353
0.016077	0.98629	0.95163
0.016151	0.98624	0.94972
0.016226	0.98618	0.9478
0.016301	0.98613	0.94588
0.016376	0.98607	0.94394
0.016452	0.98601	0.942
0.016528	0.98596	0.94006
0.016604	0.9859	0.9381
0.016681	0.98584	0.93614
0.016758	0.98578	0.93418
0.016836	0.98573	0.9322
0.016913	0.98567	0.93022
0.016991	0.98561	0.92823
0.01707	0.98555	0.92624
0.017149	0.98549	0.92424
0.017228	0.98543	0.92223
0.017308	0.98537	0.92021
0.017388	0.98531	0.91819
0.017468	0.98525	0.91616
0.017549	0.98519	0.91412
0.01763	0.98513	0.91208
0.017711	0.98507	0.91002
0.017793	0.98501	0.90796
0.017875	0.98495	0.9059
0.017958	0.98489	0.90382
0.018041	0.98483	0.90174
0.018124	0.98476	0.89966
0.018208	0.9847	0.89756
0.018292	0.98464	0.89546
0.018377	0.98457	0.89335
0.018461	0.98451	0.89123
0.018547	0.98445	0.88911
0.018632	0.98438	0.88698
0.018719	0.98432	0.88484
0.018805	0.98425	0.88269
0.018892	0.98419	0.88054
0.018979	0.98412	0.87838
0.019067	0.98406	0.87621
0.019155	0.98399	0.87404
0.019244	0.98393	0.87185
0.019332	0.98386	0.86967
0.019422	0.98379	0.86747
0.019511	0.98373	0.86526
0.019602	0.98366	0.86305
0.019692	0.98359	0.86083
0.019783	0.98352	0.85861
0.019875	0.98345	0.85637
0.019966	0.98339	0.85413
0.020059	0.98332	0.85188
0.020151	0.98325	0.84963
0.020244	0.98318	0.84736
0.020338	0.98311	0.84509
0.020432	0.98304	0.84281
0.020526	0.98297	0.84053
0.020621	0.9829	0.83824
0.020716	0.98283	0.83593
0.020812	0.98275	0.83363
0.020908	0.98268	0.83131
0.021005	0.98261	0.82899
0.021102	0.98254	0.82666
0.0212	0.98246	0.82432
0.021297	0.98239	0.82197
0.021396	0.98232	0.81962
0.021495	0.98224	0.81726
0.021594	0.98217	0.81489
0.021694	0.9821	0.81252
0.021794	0.98202	0.81014
0.021895	0.98194	0.80775
0.021996	0.98187	0.80535
0.022098	0.98179	0.80294
0.0222	0.98172	0.80053
0.022302	0.98164	0.79811
0.022405	0.98156	0.79568
0.022509	0.98149	0.79325
0.022613	0.98141	0.7908
0.022717	0.98133	0.78835
0.022822	0.98125	0.7859
0.022928	0.98117	0.78343
0.023034	0.98109	0.78096
0.02314	0.98101	0.77848
0.023247	0.98093	0.77599
0.023354	0.98085	0.7735
0.023462	0.98077	0.77099
0.023571	0.98069	0.76848
0.02368	0.98061	0.76597
0.023789	0.98053	0.76344
0.023899	0.98045	0.76091
0.024009	0.98036	0.75837
0.02412	0.98028	0.75582
0.024232	0.9802	0.75327
0.024344	0.98011	0.7507
0.024456	0.98003	0.74813
0.024569	0.97995	0.74556
0.024683	0.97986	0.74297
0.024797	0.97978	0.74038
0.024911	0.97969	0.73778
0.025026	0.9796	0.73517
0.025142	0.97952	0.73256
0.025258	0.97943	0.72994
0.025375	0.97934	0.72731
0.025492	0.97926	0.72467
0.02561	0.97917	0.72203
0.025728	0.97908	0.71938
0.025847	0.97899	0.71672
0.025967	0.9789	0.71405
0.026087	0.97881	0.71138
0.026207	0.97872	0.7087
0.026328	0.97863	0.70601
0.02645	0.97854	0.70332
0.026572	0.97845	0.70061
0.026695	0.97836	0.69791
0.026818	0.97826	0.69519
0.026942	0.97817	0.69246
0.027067	0.97808	0.68973
0.027192	0.97799	0.687
0.027317	0.97789	0.68425
0.027443	0.9778	0.6815
0.02757	0.9777	0.67874
0.027698	0.97761	0.67597
0.027826	0.97751	0.6732
0.027954	0.97742	0.67042
0.028083	0.97732	0.66763
0.028213	0.97722	0.66483
0.028343	0.97712	0.66203
0.028474	0.97703	0.65922
0.028606	0.97693	0.6564
0.028738	0.97683	0.65358
0.028871	0.97673	0.65075
0.029004	0.97663	0.64791
0.029138	0.97653	0.64507
0.029273	0.97643	0.64222
0.029408	0.97633	0.63936
0.029544	0.97623	0.6365
0.029681	0.97613	0.63363
0.029818	0.97602	0.63075
0.029955	0.97592	0.62787
0.030094	0.97582	0.62498
0.030233	0.97571	0.62208
0.030373	0.97561	0.61917
0.030513	0.9755	0.61626
0.030654	0.9754	0.61334
0.030796	0.97529	0.61042
0.030938	0.97519	0.60749
0.031081	0.97508	0.60455
0.031224	0.97497	0.60161
0.031369	0.97486	0.59866
0.031514	0.97476	0.59571
0.031659	0.97465	0.59274
0.031806	0.97454	0.58977
0.031952	0.97443	0.5868
0.0321	0.97432	0.58382
0.032248	0.97421	0.58083
0.032397	0.97409	0.57784
0.032547	0.97398	0.57484
0.032697	0.97387	0.57183
0.032849	0.97376	0.56882
0.033	0.97364	0.56581
0.033153	0.97353	0.56278
0.033306	0.97342	0.55976
0.03346	0.9733	0.55672
0.033614	0.97318	0.55368
0.03377	0.97307	0.55063
0.033926	0.97295	0.54758
0.034083	0.97283	0.54453
0.03424	0.97272	0.54146
0.034398	0.9726	0.5384
0.034557	0.97248	0.53532
0.034717	0.97236	0.53224
0.034877	0.97224	0.52916
0.035038	0.97212	0.52607
0.0352	0.972	0.52298
0.035363	0.97188	0.51988
0.035526	0.97176	0.51677
0.03569	0.97163	0.51366
0.035855	0.97151	0.51055
0.036021	0.97139	0.50743
0.036187	0.97126	0.50431
0.036355	0.97114	0.50118
0.036523	0.97101	0.49804
0.036691	0.97088	0.49491
0.036861	0.97076	0.49176
0.037031	0.97063	0.48862
0.037202	0.9705	0.48546
0.037374	0.97037	0.48231
0.037547	0.97025	0.47915
0.03772	0.97012	0.47599
0.037895	0.96999	0.47282
0.03807	0.96985	0.46965
0.038246	0.96972	0.46647
0.038422	0.96959	0.46329
0.0386	0.96946	0.46011
0.038778	0.96932	0.45692
0.038957	0.96919	0.45373
0.039137	0.96906	0.45053
0.039318	0.96892	0.44734
0.0395	0.96879	0.44414
0.039682	0.96865	0.44093
0.039866	0.96851	0.43772
0.04005	0.96837	0.43451
0.040235	0.96824	0.4313
0.040421	0.9681	0.42808
0.040608	0.96796	0.42487
0.040795	0.96782	0.42164
0.040984	0.96768	0.41842
0.041173	0.96753	0.41519
0.041363	0.96739	0.41197
0.041555	0.96725	0.40873
0.041747	0.96711	0.4055
0.041939	0.96696	0.40227
0.042133	0.96682	0.39903
0.042328	0.96667	0.39579
0.042523	0.96653	0.39255
0.04272	0.96638	0.38931
0.042917	0.96623	0.38606
0.043116	0.96608	0.38282
0.043315	0.96593	0.37957
0.043515	0.96578	0.37633
0.043716	0.96563	0.37308
0.043918	0.96548	0.36983
0.044121	0.96533	0.36658
0.044325	0.96518	0.36333
0.04453	0.96503	0.36008
0.044735	0.96487	0.35683
0.044942	0.96472	0.35358
0.04515	0.96456	0.35033
0.045358	0.96441	0.34708
0.045568	0.96425	0.34382
0.045778	0.96409	0.34057
0.04599	0.96393	0.33732
0.046202	0.96378	0.33408
0.046416	0.96362	0.33083
0.04663	0.96346	0.32758
0.046846	0.96329	0.32433
0.047062	0.96313	0.32109
0.04728	0.96297	0.31784
0.047498	0.96281	0.3146
0.047718	0.96264	0.31136
0.047938	0.96248	0.30812
0.04816	0.96231	0.30489
0.048382	0.96215	0.30165
0.048606	0.96198	0.29842
0.04883	0.96181	0.29519
0.049056	0.96164	0.29197
0.049282	0.96147	0.28874
0.04951	0.9613	0.28552
0.049739	0.96113	0.28231
0.049969	0.96096	0.27909
0.0502	0.96079	0.27588
0.050432	0.96061	0.27268
0.050665	0.96044	0.26948
0.050899	0.96027	0.26628
0.051134	0.96009	0.26309
0.05137	0.95991	0.2599
0.051607	0.95974	0.25671
0.051846	0.95956	0.25354
0.052085	0.95938	0.25036
0.052326	0.9592	0.24719
0.052568	0.95902	0.24403
0.052811	0.95884	0.24088
0.053055	0.95865	0.23773
0.0533	0.95847	0.23458
0.053546	0.95829	0.23144
0.053794	0.9581	0.22831
0.054042	0.95792	0.22519
0.054292	0.95773	0.22207
0.054543	0.95754	0.21897
0.054795	0.95735	0.21586
0.055048	0.95716	0.21277
0.055302	0.95697	0.20969
0.055558	0.95678	0.20661
0.055814	0.95659	0.20354
0.056072	0.9564	0.20048
0.056331	0.9562	0.19743
0.056592	0.95601	0.19439
0.056853	0.95581	0.19136
0.057116	0.95562	0.18834
0.05738	0.95542	0.18533
0.057645	0.95522	0.18233
0.057911	0.95502	0.17934
0.058179	0.95482	0.17636
0.058448	0.95462	0.1734
0.058718	0.95442	0.17044
0.058989	0.95422	0.1675
0.059262	0.95401	0.16457
0.059535	0.95381	0.16165
0.05981	0.9536	0.15875
0.060087	0.9534	0.15585
0.060364	0.95319	0.15297
0.060643	0.95298	0.15011
0.060923	0.95277	0.14726
0.061205	0.95256	0.14442
0.061488	0.95235	0.1416
0.061772	0.95214	0.13879
0.062057	0.95192	0.136
0.062344	0.95171	0.13322
0.062632	0.9515	0.13046
0.062921	0.95128	0.12772
0.063212	0.95106	0.12499
0.063504	0.95084	0.12228
0.063798	0.95062	0.11959
0.064092	0.9504	0.11691
0.064389	0.95018	0.11426
0.064686	0.94996	0.11162
0.064985	0.94974	0.109
0.065285	0.94951	0.1064
0.065587	0.94929	0.10382
0.06589	0.94906	0.10126
0.066194	0.94883	0.098716
0.0665	0.9486	0.096196
0.066807	0.94837	0.093697
0.067116	0.94814	0.09122
0.067426	0.94791	0.088765
0.067738	0.94768	0.086333
0.068051	0.94744	0.083923
0.068365	0.94721	0.081536
0.068681	0.94697	0.079173
0.068998	0.94674	0.076835
0.069317	0.9465	0.07452
0.069637	0.94626	0.072231
0.069959	0.94602	0.069967
0.070282	0.94578	0.067728
0.070607	0.94553	0.065517
0.070933	0.94529	0.063331
0.071261	0.94505	0.061174
0.07159	0.9448	0.059043
0.071921	0.94455	0.056941
0.072253	0.9443	0.054868
0.072587	0.94405	0.052824
0.072923	0.9438	0.050809
0.07326	0.94355	0.048824
0.073598	0.9433	0.046871
0.073938	0.94304	0.044948
0.07428	0.94279	0.043057
0.074623	0.94253	0.041198
0.074968	0.94227	0.039372
0.075314	0.94202	0.037579
0.075662	0.94176	0.03582
0.076012	0.94149	0.034095
0.076363	0.94123	0.032405
0.076716	0.94097	0.030751
0.07707	0.9407	0.029132
0.077426	0.94044	0.027551
0.077784	0.94017	0.026006
0.078144	0.9399	0.024499
0.078505	0.93963	0.02303
0.078867	0.93936	0.021601
0.079232	0.93909	0.020211
0.079598	0.93881	0.018861
0.079966	0.93854	0.017551
0.080335	0.93826	0.016283
0.080706	0.93799	0.015058
0.081079	0.93771	0.013874
0.081454	0.93743	0.012734
0.08183	0.93715	0.011638
0.082208	0.93686	0.010587
0.082588	0.93658	0.009581
0.08297	0.93629	0.0086209
0.083353	0.93601	0.0077073
0.083738	0.93572	0.0068411
0.084125	0.93543	0.0060229
0.084514	0.93514	0.0052534
0.084904	0.93485	0.0045333
0.085296	0.93455	0.0038634
0.085691	0.93426	0.0032443
0.086086	0.93396	0.0026769
0.086484	0.93367	0.0021617
0.086884	0.93337	0.0016997
0.087285	0.93307	0.0012916
0.087689	0.93277	0.00093801
0.088094	0.93246	0.00063988
0.088501	0.93216	0.00039792
0.08891	0.93185	0.00021294
0.08932	0.93155	8.5743e-05
0.089733	0.93124	1.7131e-05
0.090148	0.93093	7.926e-06
0.090564	0.93062	5.8956e-05
0.090983	0.9303	0.00017106
0.091403	0.92999	0.00034507
0.091825	0.92967	0.00058186
0.09225	0.92936	0.00088229
0.092676	0.92904	0.0012472
0.093104	0.92872	0.0016775
0.093534	0.9284	0.0021742
0.093966	0.92807	0.002738
0.094401	0.92775	0.0033698
0.094837	0.92742	0.0040707
0.095275	0.9271	0.0048416
0.095715	0.92677	0.0056834
0.096157	0.92644	0.0065969
0.096602	0.9261	0.0075833
0.097048	0.92577	0.0086435
0.097496	0.92544	0.0097784
0.097947	0.9251	0.010989
0.0984	0.92476	0.012277
0.098854	0.92442	0.013642
0.099311	0.92408	0.015086
0.09977	0.92374	0.016609
0.10023	0.92339	0.018214
0.10069	0.92305	0.019901
0.10116	0.9227	0.02167
0.10163	0.92235	0.023524
0.1021	0.922	0.025463
0.10257	0.92165	0.027488
0.10304	0.92129	0.029601
0.10352	0.92093	0.031802
0.104	0.92058	0.034092
0.10448	0.92022	0.036474
0.10496	0.91986	0.038947
0.10544	0.91949	0.041514
0.10593	0.91913	0.044175
0.10642	0.91876	0.046931
0.10691	0.9184	0.049784
0.10741	0.91803	0.052735
0.1079	0.91766	0.055786
0.1084	0.91728	0.058936
0.1089	0.91691	0.062189
0.10941	0.91653	0.065544
0.10991	0.91616	0.069004
0.11042	0.91578	0.07257
0.11093	0.9154	0.076242
0.11144	0.91501	0.080022
0.11196	0.91463	0.083912
0.11247	0.91424	0.087913
0.11299	0.91385	0.092027
0.11352	0.91346	0.096254
0.11404	0.91307	0.1006
0.11457	0.91268	0.10505
0.1151	0.91228	0.10963
0.11563	0.91188	0.11433
0.11616	0.91148	0.11914
0.1167	0.91108	0.12408
0.11724	0.91068	0.12915
0.11778	0.91027	0.13433
0.11832	0.90987	0.13965
0.11887	0.90946	0.14509
0.11942	0.90905	0.15067
0.11997	0.90864	0.15637
0.12053	0.90822	0.16221
0.12108	0.90781	0.16818
0.12164	0.90739	0.17429
0.1222	0.90697	0.18054
0.12277	0.90655	0.18693
0.12334	0.90612	0.19346
0.12391	0.9057	0.20013
0.12448	0.90527	0.20694
0.12505	0.90484	0.21391
0.12563	0.90441	0.22102
0.12621	0.90397	0.22828
0.1268	0.90354	0.23569
0.12738	0.9031	0.24325
0.12797	0.90266	0.25097
0.12856	0.90222	0.25885
0.12915	0.90177	0.26689
0.12975	0.90133	0.27509
0.13035	0.90088	0.28345
0.13095	0.90043	0.29197
0.13156	0.89998	0.30067
0.13217	0.89952	0.30953
0.13278	0.89907	0.31856
0.13339	0.89861	0.32776
0.13401	0.89815	0.33714
0.13463	0.89768	0.34669
0.13525	0.89722	0.35643
0.13587	0.89675	0.36634
0.1365	0.89628	0.37644
0.13713	0.89581	0.38672
0.13777	0.89534	0.39718
0.1384	0.89486	0.40784
0.13904	0.89438	0.41869
0.13968	0.8939	0.42973
0.14033	0.89342	0.44097
0.14098	0.89294	0.45241
0.14163	0.89245	0.46404
0.14228	0.89196	0.47588
0.14294	0.89147	0.48792
0.1436	0.89098	0.50018
0.14426	0.89048	0.51264
0.14493	0.88998	0.52531
0.1456	0.88948	0.53819
0.14627	0.88898	0.5513
0.14695	0.88847	0.56462
0.14763	0.88796	0.57816
0.14831	0.88746	0.59193
0.149	0.88694	0.60593
0.14968	0.88643	0.62015
0.15038	0.88591	0.63461
0.15107	0.88539	0.6493
0.15177	0.88487	0.66423
0.15247	0.88435	0.6794
0.15317	0.88382	0.69481
0.15388	0.88329	0.71046
0.15459	0.88276	0.72636
0.15531	0.88223	0.74252
0.15602	0.88169	0.75893
0.15675	0.88115	0.77559
0.15747	0.88061	0.79251
0.1582	0.88007	0.8097
0.15893	0.87952	0.82715
0.15966	0.87897	0.84487
0.1604	0.87842	0.86286
0.16114	0.87786	0.88112
0.16189	0.87731	0.89966
0.16263	0.87675	0.91848
0.16339	0.87619	0.93759
0.16414	0.87562	0.95698
0.1649	0.87506	0.97666
0.16566	0.87449	0.99663
0.16643	0.87391	1.0169
0.16719	0.87334	1.0375
0.16797	0.87276	1.0583
0.16874	0.87218	1.0795
0.16952	0.8716	1.101
0.17031	0.87101	1.1228
0.17109	0.87043	1.1449
0.17188	0.86984	1.1673
0.17268	0.86924	1.1901
0.17348	0.86865	1.2132
0.17428	0.86805	1.2366
0.17508	0.86744	1.2603
0.17589	0.86684	1.2844
0.1767	0.86623	1.3088
0.17752	0.86562	1.3336
0.17834	0.86501	1.3587
0.17917	0.86439	1.3842
0.17999	0.86377	1.41
0.18082	0.86315	1.4362
0.18166	0.86253	1.4627
0.1825	0.8619	1.4896
0.18334	0.86127	1.5169
0.18419	0.86064	1.5446
0.18504	0.86	1.5726
0.1859	0.85936	1.601
0.18675	0.85872	1.6298
0.18762	0.85808	1.659
0.18848	0.85743	1.6886
0.18936	0.85678	1.7186
0.19023	0.85612	1.749
0.19111	0.85547	1.7798
0.19199	0.85481	1.8111
0.19288	0.85414	1.8427
0.19377	0.85348	1.8748
0.19467	0.85281	1.9073
0.19557	0.85214	1.9402
0.19647	0.85146	1.9735
0.19738	0.85078	2.0073
0.19829	0.8501	2.0416
0.1992	0.84942	2.0763
0.20012	0.84873	2.1114
0.20105	0.84804	2.147
0.20198	0.84734	2.1831
0.20291	0.84664	2.2196
0.20385	0.84594	2.2566
0.20479	0.84524	2.2941
0.20574	0.84453	2.3321
0.20669	0.84382	2.3706
0.20764	0.84311	2.4095
0.2086	0.84239	2.449
0.20957	0.84167	2.489
0.21053	0.84095	2.5295
0.21151	0.84022	2.5704
0.21248	0.83949	2.612
0.21347	0.83876	2.654
0.21445	0.83802	2.6966
0.21544	0.83728	2.7397
0.21644	0.83653	2.7833
0.21744	0.83579	2.8275
0.21844	0.83504	2.8723
0.21945	0.83428	2.9176
0.22047	0.83352	2.9635
0.22149	0.83276	3.01
0.22251	0.832	3.057
0.22354	0.83123	3.1046
0.22457	0.83046	3.1528
0.22561	0.82968	3.2016
0.22665	0.8289	3.251
0.2277	0.82812	3.3011
0.22875	0.82733	3.3517
0.22981	0.82654	3.403
0.23087	0.82575	3.4548
0.23193	0.82495	3.5074
0.23301	0.82415	3.5605
0.23408	0.82335	3.6143
0.23516	0.82254	3.6688
0.23625	0.82173	3.7239
0.23734	0.82091	3.7797
0.23844	0.82009	3.8362
0.23954	0.81927	3.8934
0.24065	0.81844	3.9512
0.24176	0.81761	4.0097
0.24288	0.81677	4.069
0.244	0.81594	4.1289
0.24513	0.81509	4.1896
0.24626	0.81425	4.251
0.2474	0.8134	4.3132
0.24854	0.81254	4.376
0.24969	0.81168	4.4397
0.25084	0.81082	4.504
0.252	0.80995	4.5692
0.25316	0.80908	4.6351
0.25433	0.80821	4.7018
0.25551	0.80733	4.7693
0.25669	0.80645	4.8376
0.25788	0.80556	4.9066
0.25907	0.80467	4.9765
0.26026	0.80378	5.0472
0.26147	0.80288	5.1188
0.26268	0.80198	5.1912
0.26389	0.80107	5.2644
0.26511	0.80016	5.3385
0.26633	0.79924	5.4134
0.26756	0.79832	5.4893
0.2688	0.7974	5.566
0.27004	0.79647	5.6436
0.27129	0.79554	5.722
0.27254	0.7946	5.8014
0.2738	0.79366	5.8818
0.27507	0.79271	5.963
0.27634	0.79176	6.0452
0.27762	0.79081	6.1283
0.2789	0.78985	6.2124
0.28019	0.78889	6.2974
0.28148	0.78792	6.3835
0.28278	0.78695	6.4705
0.28409	0.78597	6.5585
0.2854	0.78499	6.6475
0.28672	0.78401	6.7375
0.28804	0.78302	6.8286
0.28938	0.78202	6.9206
0.29071	0.78102	7.0138
0.29206	0.78002	7.108
0.2934	0.77901	7.2032
0.29476	0.778	7.2995
0.29612	0.77698	7.397
0.29749	0.77596	7.4955
0.29887	0.77493	7.5951
0.30025	0.7739	7.6959
0.30163	0.77286	7.7978
0.30303	0.77182	7.9008
0.30443	0.77077	8.005
0.30583	0.76972	8.1104
0.30725	0.76866	8.2169
0.30867	0.7676	8.3247
0.31009	0.76654	8.4336
0.31153	0.76547	8.5438
0.31296	0.76439	8.6551
0.31441	0.76331	8.7678
0.31586	0.76222	8.8816
0.31732	0.76113	8.9968
0.31879	0.76004	9.1132
0.32026	0.75894	9.2309
0.32174	0.75783	9.35
0.32323	0.75672	9.4703
0.32472	0.7556	9.592
0.32622	0.75448	9.715
0.32773	0.75336	9.8393
0.32924	0.75222	9.9651
0.33076	0.75109	10.092
0.33229	0.74994	10.221
0.33383	0.7488	10.351
0.33537	0.74764	10.482
0.33692	0.74649	10.615
0.33848	0.74532	10.749
0.34004	0.74415	10.885
0.34161	0.74298	11.022
0.34319	0.7418	11.161
0.34478	0.74061	11.301
0.34637	0.73942	11.443
0.34797	0.73823	11.586
0.34958	0.73703	11.731
0.35119	0.73582	11.877
0.35282	0.73461	12.025
0.35445	0.73339	12.175
0.35608	0.73216	12.326
0.35773	0.73093	12.479
0.35938	0.7297	12.634
0.36104	0.72846	12.79
0.36271	0.72721	12.948
0.36439	0.72596	13.107
0.36607	0.7247	13.269
0.36776	0.72344	13.432
0.36946	0.72217	13.597
0.37117	0.72089	13.763
0.37288	0.71961	13.932
0.37461	0.71832	14.102
0.37634	0.71703	14.274
0.37807	0.71573	14.448
0.37982	0.71442	14.624
0.38158	0.71311	14.801
0.38334	0.71179	14.981
0.38511	0.71047	15.162
0.38689	0.70914	15.346
0.38868	0.7078	15.531
0.39047	0.70646	15.718
0.39228	0.70511	15.908
0.39409	0.70376	16.099
0.39591	0.7024	16.292
0.39774	0.70103	16.488
0.39958	0.69966	16.685
0.40142	0.69828	16.885
0.40328	0.69689	17.086
0.40514	0.6955	17.29
0.40701	0.6941	17.496
0.40889	0.6927	17.705
0.41078	0.69128	17.915
0.41268	0.68986	18.128
0.41459	0.68844	18.342
0.4165	0.68701	18.56
0.41843	0.68557	18.779
0.42036	0.68412	19.001
0.4223	0.68267	19.225
0.42426	0.68122	19.451
0.42622	0.67975	19.68
0.42819	0.67828	19.911
0.43016	0.6768	20.145
0.43215	0.67531	20.381
0.43415	0.67382	20.619
0.43615	0.67232	20.86
0.43817	0.67082	21.104
0.44019	0.6693	21.35
0.44223	0.66778	21.599
0.44427	0.66626	21.85
0.44632	0.66472	22.104
0.44839	0.66318	22.361
0.45046	0.66163	22.62
0.45254	0.66008	22.882
0.45463	0.65852	23.147
0.45673	0.65695	23.414
0.45884	0.65537	23.684
0.46096	0.65378	23.957
0.46309	0.65219	24.233
0.46523	0.65059	24.512
0.46738	0.64899	24.793
0.46954	0.64737	25.078
0.47171	0.64575	25.365
0.47389	0.64412	25.656
0.47608	0.64249	25.949
0.47828	0.64084	26.246
0.48049	0.63919	26.545
0.48271	0.63753	26.848
0.48494	0.63587	27.154
0.48718	0.63419	27.463
0.48943	0.63251	27.775
0.49169	0.63082	28.09
0.49396	0.62912	28.409
0.49624	0.62742	28.731
0.49854	0.6257	29.056
0.50084	0.62398	29.385
0.50315	0.62225	29.717
0.50548	0.62052	30.052
0.50782	0.61877	30.391
0.51016	0.61702	30.733
0.51252	0.61525	31.079
0.51489	0.61349	31.428
0.51727	0.61171	31.781
0.51966	0.60992	32.137
0.52206	0.60813	32.498
0.52447	0.60632	32.861
0.52689	0.60451	33.229
0.52933	0.60269	33.6
0.53177	0.60087	33.975
0.53423	0.59903	34.354
0.5367	0.59719	34.737
0.53918	0.59533	35.124
0.54167	0.59347	35.514
0.54417	0.5916	35.909
0.54669	0.58972	36.308
0.54921	0.58783	36.71
0.55175	0.58594	37.117
0.5543	0.58403	37.528
0.55686	0.58212	37.943
0.55943	0.5802	38.363
0.56202	0.57827	38.786
0.56461	0.57633	39.214
0.56722	0.57438	39.646
0.56984	0.57242	40.083
0.57248	0.57045	40.524
0.57512	0.56847	40.969
0.57778	0.56649	41.419
0.58045	0.56449	41.874
0.58313	0.56249	42.333
0.58582	0.56048	42.797
0.58853	0.55845	43.265
0.59125	0.55642	43.738
0.59398	0.55438	44.216
0.59673	0.55233	44.699
0.59948	0.55027	45.187
0.60225	0.5482	45.679
0.60504	0.54612	46.177
0.60783	0.54403	46.68
0.61064	0.54193	47.187
0.61346	0.53982	47.7
0.6163	0.53771	48.218
0.61914	0.53558	48.741
0.622	0.53344	49.269
0.62488	0.53129	49.803
0.62777	0.52914	50.342
0.63067	0.52697	50.886
0.63358	0.52479	51.436
0.63651	0.5226	51.992
0.63945	0.52041	52.553
0.6424	0.5182	53.119
0.64537	0.51598	53.692
0.64835	0.51375	54.27
0.65135	0.51152	54.853
0.65436	0.50927	55.443
0.65738	0.50701	56.038
0.66042	0.50474	56.64
0.66347	0.50246	57.247
0.66654	0.50017	57.861
0.66962	0.49787	58.481
0.67271	0.49555	59.107
0.67582	0.49323	59.739
0.67894	0.4909	60.377
0.68208	0.48856	61.022
0.68523	0.4862	61.673
0.6884	0.48384	62.331
0.69158	0.48146	62.995
0.69477	0.47907	63.666
0.69798	0.47667	64.343
0.70121	0.47426	65.027
0.70445	0.47184	65.719
0.7077	0.46941	66.416
0.71097	0.46697	67.121
0.71426	0.46451	67.833
0.71756	0.46205	68.552
0.72087	0.45957	69.278
0.7242	0.45708	70.011
0.72755	0.45458	70.752
0.73091	0.45207	71.5
0.73429	0.44955	72.255
0.73768	0.44701	73.018
0.74109	0.44447	73.788
0.74451	0.44191	74.566
0.74795	0.43934	75.352
0.75141	0.43676	76.145
0.75488	0.43417	76.946
0.75837	0.43156	77.755
0.76187	0.42894	78.573
0.76539	0.42631	79.398
0.76893	0.42367	80.231
0.77248	0.42102	81.073
0.77605	0.41835	81.923
0.77964	0.41567	82.781
0.78324	0.41298	83.648
0.78686	0.41028	84.523
0.79049	0.40756	85.407
0.79415	0.40483	86.3
0.79781	0.40209	87.201
0.8015	0.39934	88.111
0.8052	0.39657	89.03
0.80892	0.39379	89.959
0.81266	0.391	90.896
0.81642	0.3882	91.843
0.82019	0.38538	92.799
0.82398	0.38255	93.764
0.82779	0.37971	94.739
0.83161	0.37685	95.723
0.83545	0.37398	96.717
0.83931	0.3711	97.721
0.84319	0.3682	98.734
0.84709	0.36529	99.758
0.851	0.36237	100.79
0.85493	0.35943	101.84
0.85888	0.35648	102.89
0.86285	0.35352	103.95
0.86684	0.35054	105.03
0.87084	0.34755	106.11
0.87487	0.34455	107.21
0.87891	0.34153	108.32
0.88297	0.3385	109.43
0.88705	0.33545	110.56
0.89115	0.33239	111.7
0.89527	0.32932	112.85
0.8994	0.32623	114.01
0.90356	0.32313	115.18
0.90773	0.32001	116.37
0.91193	0.31688	117.56
0.91614	0.31373	118.77
0.92037	0.31057	119.99
0.92463	0.3074	121.22
0.9289	0.30421	122.46
0.93319	0.30101	123.72
0.9375	0.29779	124.99
0.94183	0.29456	126.27
0.94618	0.29131	127.56
0.95056	0.28805	128.86
0.95495	0.28477	130.18
0.95936	0.28148	131.51
0.96379	0.27818	132.85
0.96825	0.27486	134.21
0.97272	0.27152	135.57
0.97721	0.26817	136.95
0.98173	0.26481	138.35
0.98627	0.26143	139.75
0.99082	0.25804	141.17
0.9954	0.25464	142.61
1	0.25126	144.04

