1.51  17.76
1.53  17.322
1.55  16.886
1.57  16.437
1.59  15.994
1.61  15.548
1.63  15.098
1.65  14.655
1.67  14.201
1.69  13.758
1.71  13.304
1.73  12.859
1.75  12.41
1.77  11.962
1.79  11.526
1.81  11.074
1.83  10.634
1.85  10.204
1.87  9.76
1.89  9.327
1.91  8.905
1.93  8.481
1.95  8.057
1.97  7.643
1.99  7.239
2.01  6.842
2.03  6.44
2.05  6.048
2.07  5.666
2.09  5.295
2.11  4.934
2.13  4.584
2.15  4.231
2.17  3.891
2.19  3.562
2.21  3.246
2.23  2.942
2.25  2.65
2.27  2.372
2.29  2.107
2.31  1.856
2.33  1.619
2.35  1.397
2.37  1.189
2.39  0.993
2.41  0.813
2.43  0.65
2.45  0.505
2.47  0.377
2.49  0.267
2.51  0.176
2.53  0.104
2.55  0.051
2.57  0.019
2.59  0.007
2.61  0.016
2.63  0.046
2.65  0.098
2.67  0.172
2.69  0.268
2.71  0.388
2.73  0.53
2.75  0.697
2.77  0.887
2.79  1.1
2.81  1.336
2.83  1.597
2.85  1.884
2.87  2.195
2.89  2.533
2.91  2.897
2.93  3.286
2.95  3.703
2.97  4.146
2.99  4.616
3.01  5.113
3.03  5.637
3.05  6.189
3.07  6.768
3.09  7.374
3.11  8.008
3.13  8.67
3.15  9.359
3.17  10.076
3.19  10.821
3.21  11.593
3.23  12.393
3.25  13.221
3.27  14.076
3.29  14.958
3.31  15.867
3.33  16.804
3.35  17.768
3.37  18.758
3.39  19.775
3.41  20.818
3.43  21.887
3.45  22.983
3.47  24.103
3.49  25.25
