1 0.00e+00 0.00e+00   46546.00   50539.00   67211.00   82269.00   94055.00  103096.00  107690.00  109057.00  107360.00  101548.00   93740.00   84848.00   77726.00   70558.00   63024.00   54918.00   47432.00   39272.00   32399.00   25810.00   20113.00   14362.00   10285.00    7287.00    4643.00    6916.00 1522704.00
2 0.00e+00 0.00e+00   47744.00   51400.00   68765.00   83499.00   95373.00  104565.00  109252.00  110595.00  108837.00  103218.00   95709.00   86603.00   78919.00   71522.00   64665.00   56084.00   47854.00   39931.00   32980.00   25885.00   20417.00   14858.00   10700.00    7640.00    4720.00    6896.00 1548631.00
3 0.00e+00 0.00e+00   42318.00   46720.00   61925.00   74752.00   84991.00   93809.00   98367.00   98824.00   96727.00   91967.00   84864.00   76950.00   70286.00   64547.00   57438.00   50325.00   43266.00   36028.00   29016.00   23167.00   18292.00   13321.00    9581.00    6274.00    4433.00    5041.00 1383229.00
4 0.00e+00 0.00e+00    5472.00    6023.00    8179.00    9644.00   11255.00   12163.00   12841.00   13162.00   12764.00   12152.00   11133.00   10229.00    9247.00    8590.00    7504.00    6510.00    5661.00    4822.00    3803.00    3125.00    2425.00    1725.00    1226.00     833.00     557.00     633.00  181678.00
5 0.00e+00 0.00e+00    5580.00    6010.00    8046.00    9866.00   11369.00   12294.00   12921.00   13105.00   12864.00   12156.00   11401.00   10310.00    9335.00    8412.00    7640.00    6756.00    5750.00    4839.00    3874.00    3032.00    2485.00    1783.00    1261.00     876.00     566.00     630.00  183161.00
6 0.00e+00 0.00e+00    5324.00    6017.00    8107.00    9818.00   11048.00   12111.00   12766.00   13080.00   12733.00   12149.00   11144.00   10175.00    9204.00    8358.00    7436.00    6627.00    5592.00    4859.00    3767.00    2966.00    2385.00    1741.00    1263.00     773.00     544.00     610.00  180597.00

1 1.00e-02 1.50e-03   46385.64   50423.34   67107.01   82168.73   93961.80  103008.38  107612.35  108988.05  107304.00  101509.23   93713.62   84823.02   77703.64   70537.33   63005.88   54903.58   47421.64   39264.54   32392.46   25804.41   20108.77   14358.98   10283.08    7285.70    4642.14    6915.27 1521632.57
2 1.00e-02 1.50e-03   47584.70   51286.27   68662.30   83400.15   95280.61  104478.51  109176.36  110527.23  108780.92  103179.77   95683.23   86578.57   78897.16   71501.66   64646.90   56069.09   47844.06   39923.73   32973.60   25879.56   20412.83   14855.03   10697.98    7638.71    4719.19    6895.31 1547573.43
3 1.00e-02 1.50e-03   42144.98   46586.62   61806.50   74661.98   84901.09   93730.88   98305.91   98772.19   96682.16   91927.11   84837.73   76928.09   70265.72   64529.64   57423.79   50313.03   43256.14   36020.65   29010.13   23162.67   18288.61   13318.48    9579.09    6272.62    4431.90    5040.42 1382198.13
4 1.00e-02 1.50e-03    5384.59    5939.63    8077.67    9537.71   11144.58   12056.75   12740.80   13069.91   12683.43   12083.57   11075.16   10181.63    9207.29    8556.49    7476.87    6488.50    5643.67    4808.43    3792.98    3117.33    2419.46    1721.32    1223.52     831.43     556.00     632.31  180451.06
5 1.00e-02 1.50e-03    5490.87    5926.78    7946.40    9757.18   11257.22   12186.38   12819.92   13013.14   12782.68   12087.40   11341.85   10262.07    9294.75    8379.27    7612.31    6733.71    5732.21    4825.30    3863.79    3024.59    2479.29    1779.19    1258.49     874.34     564.99     629.31  181923.40
6 1.00e-02 1.50e-03    5238.83    5933.49    8006.26    9709.41   10938.90   12004.72   12665.92   12987.96   12652.20   12080.17   11085.88   10127.50    9164.28    8325.22    7408.97    6605.01    5574.77    4845.15    3756.96    2958.67    2379.47    1737.24    1260.45     771.54     543.04     609.35  179371.36

1 1.00e-02 2.00e-03   46321.22   50373.00   67042.96   82098.98   93888.36  102948.09  107566.97  108952.20  107268.30  101466.16   93672.95   84789.88   77682.41   70520.12   62997.07   54894.57   47410.89   39254.52   32385.70   25800.16   20106.31   14357.28   10281.65    7284.47    4641.27    6914.73 1520920.23
2 1.00e-02 2.00e-03   47516.84   51239.86   68596.41   83330.05   95207.65  104419.25  109130.83  110491.66  108744.53  103137.07   95642.87   86545.01   78875.70   71484.84   64638.18   56060.04   47833.47   39914.29   32966.91   25875.25   20410.24   14853.39   10696.50    7637.51    4718.34    6894.78 1546861.45
3 1.00e-02 2.00e-03   42090.22   46524.42   61691.43   74523.96   84832.84   93682.34   98265.18   98726.96   96640.17   91898.39   84813.48   76908.39   70253.48   64518.61   57411.84   50302.54   43248.39   36014.71   29005.90   23158.86   18285.73   13316.04    9576.59    6271.05    4431.36    5039.87 1381432.76
4 1.00e-02 2.00e-03    5405.37    5943.37    8071.88    9522.11   11121.04   12028.09   12709.04   13037.27   12652.94   12054.38   11050.63   10159.48    9188.72    8539.88    7463.46    6477.48    5634.60    4801.12    3787.60    3113.13    2416.39    1719.25    1222.12     830.54     555.43     631.89  180137.24
5 1.00e-02 2.00e-03    5512.06    5930.45    7940.57    9741.23   11233.51   12157.44   12787.93   12980.68   12751.88   12058.08   11316.77   10239.63    9275.98    8362.95    7598.65    6722.23    5722.92    4817.94    3858.31    3020.52    2476.13    1777.06    1257.07     873.39     564.41     628.89  181606.66
6 1.00e-02 2.00e-03    5259.27    5937.42    8000.74    9693.66   10916.06   11976.23   12634.35   12955.63   12621.65   12050.88   11061.26   10105.38    9145.70    8308.93    7395.73    6593.64    5565.81    4837.73    3751.57    2954.66    2376.41    1735.15    1259.02     770.71     542.49     608.96  179059.04

1 1.00e-02 2.50e-03   46289.83   50306.73   66921.95   82036.88   93843.53  102887.90  107491.81  108875.48  107212.74  101430.99   93641.98   84765.16   77653.04   70492.72   62972.52   54877.26   47402.18   39248.03   32379.44   25794.36   20101.42   14353.61   10278.63    7283.00    4640.59    6914.04 1520095.82
2 1.00e-02 2.50e-03   47485.07   51167.98   68475.41   83279.64   95162.52  104358.86  109056.58  110416.30  108689.07  103102.19   95611.37   86520.66   78846.52   71457.94   64613.98   56042.32   47825.02   39907.38   32960.62   25869.53   20405.39   14849.79   10693.67    7636.21    4717.71    6894.11 1546045.84
3 1.00e-02 2.50e-03   42027.78   46489.46   61648.88   74458.93   84728.91   93556.41   98157.95   98685.54   96603.32   91868.68   84772.94   76867.32   70217.06   64499.61   57399.07   50290.63   43240.79   36006.10   28996.41   23149.40   18277.61   13311.49    9574.99    6269.93    4430.44    5039.24 1380568.89
4 1.00e-02 2.50e-03    5424.69    5964.96    8090.34    9532.38   11121.89   12020.02   12693.79   13017.10   12630.82   12031.23   11029.30   10139.54    9170.96    8523.78    7449.73    6465.87    5625.04    4793.31    3781.70    3108.49    2412.94    1716.92    1220.53     829.51     554.77     631.40  179980.99
5 1.00e-02 2.50e-03    5531.41    5952.11    7958.66    9751.83   11234.50   12149.43   12772.60   12960.59   12729.62   12034.95   11294.90   10219.53    9258.05    8347.16    7584.64    6710.18    5713.16    4810.07    3852.29    3016.02    2472.58    1774.64    1255.44     872.30     563.74     628.40  181448.78
6 1.00e-02 2.50e-03    5278.06    5959.21    8019.30    9704.58   10917.35   11968.58   12619.31   12935.77   12599.71   12027.78   11039.93   10085.53    9127.99    8293.23    7382.04    6581.83    5556.37    4829.79    3745.68    2950.23    2373.00    1732.77    1257.38     769.76     541.85     608.49  178905.51

1 1.00e-02 3.00e-03   46259.98   50273.66   66877.02   81943.10   93728.84  102840.40  107455.71  108835.16  107156.45  101370.38   93588.96   84737.08   77632.54   70474.86   62950.52   54859.03   47382.88   39233.20   32372.21   25790.79   20098.36   14350.82   10276.89    7281.15    4639.63    6912.93 1519322.54
2 1.00e-02 3.00e-03   47456.06   51133.14   68433.85   83175.68   95052.41  104319.56  109021.69  110374.12  108631.95  103039.84   95563.32   86491.57   78825.76   71439.84   64591.19   56023.85   47806.12   39893.21   32954.17   25866.00   20402.27   14847.05   10691.63    7634.05    4716.77    6893.08 1545278.19
3 1.00e-02 3.00e-03   41975.41   46426.01   61601.30   74387.86   84650.89   93492.45   98095.65   98566.17   96494.77   91794.41   84735.48   76837.47   70198.45   64466.00   57362.64   50259.77   43213.33   35992.05   28986.29   23142.68   18272.85   13307.37    9572.26    6268.71    4429.67    5038.52 1379568.46
4 1.00e-02 3.00e-03    5422.50    5985.72    8119.47    9560.56   11144.43   12033.90   12698.69   13013.79   12623.08   12019.60   11015.64   10125.33    9157.30    8510.38    7437.86    6455.53    5616.08    4785.76    3775.87    3103.82    2409.43    1714.50    1218.86     828.42     554.07     630.84  179961.42
5 1.00e-02 3.00e-03    5528.98    5973.08    7987.45    9780.73   11257.50   12163.59   12777.85   12957.36   12721.90   12023.44   11280.72   10205.33    9244.20    8334.04    7572.56    6699.45    5704.08    4802.50    3846.35    3011.50    2468.97    1772.13    1253.73     871.15     563.02     627.83  181429.44
6 1.00e-02 3.00e-03    5275.59    5980.01    8048.31    9733.47   10940.08   11982.81   12624.62   12932.75   12592.28   12016.50   11026.19   10071.61    9114.34    8280.28    7370.31    6571.29    5547.50    4822.19    3739.90    2945.79    2369.52    1730.32    1255.66     768.74     541.16     607.96  178889.19

1 1.00e-02 3.50e-03   46224.03   50264.64   66859.77   81903.99   93700.98  102745.29  107343.26  108794.86  107126.55  101334.17   93557.27   84689.04   77591.10   70448.48   62943.31   54848.23   47371.61   39222.85   32360.05   25779.42   20087.84   14343.51   10274.11    7279.48    4638.43    6911.80 1518644.08
2 1.00e-02 3.50e-03   47418.63   51125.73   68410.14   83136.95   95022.45  104216.90  108917.61  110340.34  108601.57  103004.98   95526.81   86443.91   78783.80   71418.26   64583.98   56012.86   47795.24   39882.46   32941.31   25854.55   20391.79   14840.11   10688.93    7632.41    4715.61    6891.98 1544599.30
3 1.00e-02 3.50e-03   41928.20   46373.28   61505.70   74324.93   84523.70   93344.29   98009.03   98500.05   96455.66   91710.19   84621.11   76749.66   70147.93   64431.09   57339.55   50246.81   43194.55   35962.17   28963.91   23131.96   18267.44   13304.11    9569.19    6266.84    4428.47    5037.75 1378337.55
4 1.00e-02 3.50e-03    5406.63    5989.96    8140.00    9590.55   11178.15   12063.88   12723.18   13030.35   12630.98   12021.91   11013.49   10119.29    9149.81    8501.83    7429.43    6447.59    5608.76    4779.38    3770.76    3099.60    2406.16    1712.20    1217.24     827.35     553.36     630.24  180042.09
5 1.00e-02 3.50e-03    5513.19    5977.42    8007.92    9811.52   11291.74   12194.08   12802.79   12973.97   12729.98   12025.84   11278.51   10199.38    9236.73    8325.55    7563.97    6691.19    5696.68    4796.09    3841.13    3007.39    2465.62    1769.76    1252.08     870.02     562.30     627.24  181512.08
6 1.00e-02 3.50e-03    5259.83    5984.00    8068.46    9763.95   10973.42   12012.91   12649.33   12949.56   12600.61   12019.02   11024.34   10065.82    9107.09    8271.93    7361.92    6563.27    5540.30    4815.77    3734.85    2941.78    2366.31    1727.99    1254.00     767.75     540.48     607.39  178972.06


1 5.75e-02 1.50e-03   45789.50   49955.85   66579.02   81595.78   93444.10  102516.29  107166.63  108590.60  107022.30  101264.72   93495.77   84635.40   77546.58   70403.85   62912.89   54833.88   47361.90   39215.37   32353.62   25773.60   20084.46   14341.36   10272.06    7278.54    4637.89    6911.35 1515983.31
2 5.75e-02 1.50e-03   46985.66   50826.04   68121.42   82840.81   94762.96  103991.23  108735.36  110139.85  108502.87  102934.72   95466.74   86390.22   78739.86   71370.62   64557.16   55998.05   47785.71   39875.44   32934.84   25848.99   20388.41   14837.28   10686.54    7631.48    4715.09    6891.53 1541958.88
3 5.75e-02 1.50e-03   41534.60   46112.82   61253.29   74049.21   84303.41   93120.60   97743.80   98363.68   96316.89   91639.64   84573.22   76683.74   70062.52   64393.17   57317.16   50219.84   43183.64   35955.93   28957.42   23125.30   18264.22   13302.37    9567.99    6265.83    4428.01    5037.45 1375775.76
4 5.75e-02 1.50e-03    5145.72    5668.36    7732.73    9164.78   10749.80   11671.10   12372.44   12728.91   12384.83   11824.69   10860.09   10000.72    9057.91    8428.46    7374.17    6406.23    5577.56    4756.21    3754.68    3087.91    2398.15    1707.15    1213.97     825.40     552.17     629.62  176073.75
5 5.75e-02 1.50e-03    5248.04    5655.75    7607.04    9375.38   10857.70   11795.90   12448.24   12673.14   12481.13   11827.89   11121.97   10079.01    9143.40    8254.03    7507.48    6648.25    5664.42    4772.62    3824.76    2996.12    2457.33    1764.53    1248.81     867.93     561.09     626.63  177508.59
6 5.75e-02 1.50e-03    5006.53    5661.97    7663.60    9328.58   10549.31   11619.05   12298.18   12647.49   12352.52   11819.97   10869.51    9946.52    9014.63    8199.86    7306.83    6520.58    5509.27    4791.90    3718.58    2930.53    2358.22    1722.80    1250.66     765.93     539.33     606.82  174999.18

1 5.75e-02 2.00e-03   45488.95   49658.75   66207.34   81156.02   92967.84  102009.21  106681.09  108319.98  106700.52  100975.77   93242.52   84421.48   77364.31   70308.04   62819.36   54746.96   47288.63   39153.45   32300.15   25738.57   20062.92   14329.24   10263.15    7272.19    4634.34    6907.96 1511018.73
2 5.75e-02 2.00e-03   46680.70   50529.86   67747.48   82391.70   94286.62  103478.52  108272.58  109871.98  108174.77  102646.55   95213.34   86176.52   78569.65   71283.29   64459.67   55910.69   47714.43   39813.25   32880.95   25814.05   20367.20   14825.36   10677.08    7625.10    4711.69    6888.25 1537011.28
3 5.75e-02 2.00e-03   41169.54   45783.60   60870.45   73653.01   83945.80   92796.37   97391.30   97925.81   95954.40   91289.51   84314.10   76524.63   69933.12   64232.94   57178.19   50117.36   43103.64   35909.64   28931.23   23101.47   18243.08   13287.79    9558.98    6260.19    4424.24    5034.87 1370935.24
4 5.75e-02 2.00e-03    5265.09    5690.46    7698.68    9077.04   10614.46   11506.19   12190.40   12541.10   12206.18   11660.35   10716.07    9874.99    8950.22    8333.87    7296.29    6342.62    5525.49    4714.50    3723.63    3063.79    2380.50    1695.30    1205.94     820.27     548.89     627.25  174269.59
5 5.75e-02 2.00e-03    5369.89    5677.49    7572.83    9285.54   10721.15   11629.29   12265.04   12485.95   12300.98   11663.26   10974.53    9951.98    9034.40    8161.40    7428.05    6582.18    5611.12    4730.59    3793.10    2972.78    2439.15    1752.28    1240.64     862.50     557.76     624.25  175688.13
6 5.75e-02 2.00e-03    5124.05    5685.12    7631.12    9240.43   10417.86   11455.30   12117.26   12460.86   12174.06   11655.25   10725.00    9820.96    8907.01    8107.46    7229.46    6455.47    5457.66    4749.46    3687.53    2907.50    2340.67    1710.74    1242.41     761.16     536.17     604.58  173204.54

1 5.75e-02 2.50e-03   45256.76   49392.34   65872.23   80826.34   92624.55  101619.15  106278.86  107792.72  106215.52  100552.33   92991.64   84256.20   77197.41   70109.16   62637.57   54610.14   47184.81   39089.96   32260.72   25706.24   20036.76   14311.82   10252.69    7264.51    4629.75    6903.82 1505873.99
2 5.75e-02 2.50e-03   46443.67   50259.41   67410.33   82071.68   93937.66  103088.38  107853.66  109330.64  107679.95  102216.61   94987.31   86012.06   78394.06   71077.64   64272.74   55768.49   47609.71   39751.91   32841.55   25782.26   20340.12   14809.01   10666.39    7617.44    4707.34    6884.24 1531814.27
3 5.75e-02 2.50e-03   40834.50   45461.02   60475.23   73236.37   83449.49   92309.60   97012.63   97635.97   95683.36   91032.93   84056.80   76296.38   69768.10   64120.52   57091.22   50039.58   43031.27   35844.26   28878.52   23066.40   18217.86   13271.07    9547.17    6252.91    4419.64    5031.53 1366064.33
4 5.75e-02 2.50e-03    5376.39    5814.10    7805.48    9134.09   10616.45   11457.47   12102.02   12424.26   12077.04   11529.20   10592.37    9760.73    8847.99    8240.95    7217.46    6276.59    5470.34    4669.48    3689.63    3037.04    2360.68    1681.86    1196.76     814.36     545.09     624.39  173362.20
5 5.75e-02 2.50e-03    5481.37    5801.50    7677.53    9344.15   10724.02   11580.54   12176.71   12369.81   12171.00   11531.97   10847.63    9836.75    8931.12    8070.36    7347.67    6513.60    5554.80    4685.25    3758.44    2946.87    2418.78    1738.37    1231.28     856.23     553.89     621.39  174771.04
6 5.75e-02 2.50e-03    5232.30    5809.95    7738.60    9300.49   10422.96   11408.51   12030.42   12345.81   12046.00   11524.39   10601.21    9707.20    8805.13    8016.89    7151.17    6388.02    5403.02    4703.78    3653.61    2881.99    2321.01    1697.09    1232.98     755.65     532.48     601.88  172312.53

1 5.75e-02 3.00e-03   45068.33   49186.58   65583.18   80434.69   92187.29  101292.38  106020.80  107458.43  105874.78  100256.44   92687.72   83975.76   76997.91   69951.41   62521.28   54504.89   47092.46   39024.33   32216.64   25672.20   20013.66   14293.91   10239.53    7255.69    4624.37    6898.60 1501333.26
2 5.75e-02 3.00e-03   46249.77   50047.32   67128.88   81676.70   93518.71  102777.29  107593.20  108989.23  107338.86  101928.14   94651.28   85723.25   78185.43   70918.68   64156.07   55662.33   47522.87   39686.27   32797.83   25749.88   20317.09   14790.51   10652.22    7608.50    4702.19    6879.22 1527251.72
3 5.75e-02 3.00e-03   40526.57   45164.01   60103.70   72802.77   83027.87   91887.55   96525.45   97151.46   95268.45   90739.17   83844.18   76104.09   69551.05   63922.43   56925.45   49914.27   42944.53   35779.84   28832.96   23027.97   18189.59   13251.21    9533.34    6244.27    4414.11    5027.58 1360703.84
4 5.75e-02 3.00e-03    5363.69    5933.39    7973.46    9296.26   10748.51   11539.50   12134.21   12413.11   12030.61   11461.43   10514.97    9679.59    8768.75    8164.24    7149.03    6216.88    5418.74    4626.19    3656.19    3010.24    2340.49    1667.96    1187.15     808.09     541.03     621.17  173264.89
5 5.75e-02 3.00e-03    5467.34    5922.01    7843.55    9510.77   10858.64   11664.40   12210.36   12359.23   12124.61   11464.51   10767.96    9755.21    8851.34    7995.05    7277.95    6451.56    5502.38    4641.74    3724.35    2920.87    2398.02    1723.98    1221.47     849.60     549.76     618.16  174674.84
6 5.75e-02 3.00e-03    5218.04    5929.48    7905.72    9467.14   10555.65   11492.56   12064.37   12336.64   12001.41   11457.81   10524.32    9627.01    8726.67    7942.40    7083.32    6327.23    5352.02    4660.05    3620.38    2856.49    2301.03    1682.98    1223.10     749.83     528.54     598.83  172233.01

1 5.75e-02 3.50e-03   44888.00   49022.57   65343.46   80184.05   91862.40  100820.19  105565.98  107158.70  105656.59  100040.34   92402.09   83716.45   76768.62   69809.51   62399.64   54424.38   47019.80   38948.01   32145.07   25621.37   19977.40   14270.29   10224.11    7246.06    4618.27    6892.78 1497026.14
2 5.75e-02 3.50e-03   46065.38   49876.20   66886.66   81430.26   93171.29  102295.64  107170.00  108701.71  107125.55  101701.57   94362.91   85461.05   77976.52   70772.95   64039.10   55580.82   47448.83   39607.51   32726.56   25698.47   20281.30   14766.63   10636.43    7598.82    4696.30    6873.62 1522952.08
3 5.75e-02 3.50e-03   40249.77   44886.66   59759.11   72405.91   82610.09   91395.34   96112.23   96801.54   94888.96   90346.91   83518.09   75822.46   69344.95   63772.15   56791.83   49789.72   42835.74   35698.67   28772.24   22981.36   18155.00   13228.80    9517.89    6234.59    4407.84    5023.02 1355350.89
4 5.75e-02 3.50e-03    5272.37    5958.23    8090.79    9469.11   10941.72   11712.83   12270.59   12503.30   12076.74   11470.48   10498.33    9645.85    8725.71    8115.46    7100.55    6171.18    5376.89    4589.39    3626.73    2985.95    2321.72    1654.74    1177.89     801.92     536.98     617.73  173713.19
5 5.75e-02 3.50e-03    5376.43    5947.46    7960.54    9688.46   11054.88   11840.65   12349.08   12449.82   12171.79   11474.28   10750.29    9721.94    8808.34    7946.99    7228.67    6404.06    5460.11    4604.88    3694.32    2897.27    2378.76    1710.31    1211.95     843.10     545.65     614.72  175134.74
6 5.75e-02 3.50e-03    5127.30    5952.91    8020.84    9642.87   10746.42   11667.02   12202.08   12428.46   12049.61   11468.72   10508.74    9594.49    8684.66    7895.46    7035.42    6280.99    5310.72    4623.14    3591.29    2833.43    2282.55    1669.62    1213.56     744.10     524.60     595.56  172694.56


1 1.05e-01 1.50e-03   45201.33   49485.75   66058.32   81018.35   92834.62  101909.04  106568.98  108220.03  106653.45  100935.91   93209.59   84397.92   77326.52   70281.59   62806.04   54739.69   47280.92   39149.59   32297.65   25735.44   20061.33   14328.33   10262.37    7271.54    4634.01    6907.68 1509575.98
2 1.05e-01 1.50e-03   46396.73   50360.82   67597.34   82251.88   94156.80  103379.04  108156.08  109776.69  108125.18  102609.94   95179.73   86153.13   78532.44   71256.83   64446.76   55902.84   47707.21   39809.26   32878.66   25810.94   20364.67   14824.52   10676.18    7624.50    4711.41    6887.97 1535577.53
3 1.05e-01 1.50e-03   40917.92   45631.42   60717.39   73531.51   83820.95   92715.67   97322.23   97870.52   95895.06   91257.85   84277.27   76497.22   69914.88   64220.56   57166.72   50109.51   43097.52   35903.47   28928.26   23099.51   18241.06   13286.60    9557.97    6259.75    4423.92    5034.66 1369699.42
4 1.05e-01 1.50e-03    4906.87    5397.11    7387.72    8791.91   10354.97   11285.36   12004.20   12387.94   12085.85   11566.36   10644.52    9820.21    8908.27    8300.57    7271.36    6323.97    5511.44    4704.05    3716.36    3058.48    2376.83    1692.98    1204.43     819.36     548.33     626.94  171696.43
5 1.05e-01 1.50e-03    5005.25    5384.79    7267.68    8993.62   10458.14   11405.36   12076.75   12332.97   12179.34   11568.83   10901.55    9896.36    8991.78    8128.94    7402.58    6562.83    5596.60    4720.00    3785.70    2967.67    2435.37    1749.88    1239.13     861.53     557.19     623.95  173093.77
6 1.05e-01 1.50e-03    4774.28    5390.51    7320.92    8947.85   10159.68   11233.29   11930.55   12306.92   12052.61   11560.21   10652.76    9765.81    8864.77    8074.70    7204.59    6436.23    5443.69    4738.69    3680.18    2902.40    2336.99    1708.36    1240.87     760.31     535.63     604.30  170627.09

1 1.05e-01 2.00e-03   44647.54   48952.20   65383.41   80338.25   92183.05  101296.30  105982.59  107458.74  105980.49  100370.83   92753.23   84054.77   77104.33   70017.98   62560.54   54561.10   47145.70   39056.55   32240.86   25690.88   20024.77   14301.87   10246.16    7260.94    4627.26    6901.56 1501141.90
2 1.05e-01 2.00e-03   45834.86   49827.26   66924.23   81584.69   93506.45  102770.95  107553.30  108995.70  107451.94  102033.23   94711.97   85815.19   78304.23   70985.81   64198.08   55720.90   47572.60   39715.85   32821.92   25766.62   20328.00   14798.38   10659.32    7613.83    4704.93    6882.09 1527082.34
3 1.05e-01 2.00e-03   40251.22   45029.53   60017.05   72778.35   83068.02   91917.46   96616.60   97304.39   95435.20   90877.23   83927.95   76166.48   69628.56   64010.88   57019.20   49981.05   42997.41   35816.77   28853.67   23046.21   18204.80   13262.93    9540.80    6249.01    4417.16    5029.89 1361447.83
4 1.05e-01 2.00e-03    5124.87    5437.46    7325.82    8631.67   10107.98   10984.46   11671.82   12044.99   11759.55   11266.32   10381.43    9590.61    8711.61    8127.85    7129.13    6207.82    5416.36    4627.88    3659.66    3014.44    2344.61    1671.35    1189.76     810.00     542.35     622.61  168402.38
5 1.05e-01 2.00e-03    5227.75    5424.46    7205.44    8829.54   10208.99   11101.27   11742.16   11991.34   11850.17   11268.21   10632.24    9664.40    8792.73    7959.87    7257.47    6442.23    5499.26    4643.21    3727.92    2925.03    2402.19    1727.50    1224.21     851.60     551.11     619.61  169769.90
6 1.05e-01 2.00e-03    4988.88    5432.75    7261.82    8786.84    9919.75   10934.54   11600.13   11966.18   11726.62   11259.50   10388.73    9536.56    8668.26    7905.94    7063.22    6317.33    5349.46    4661.18    3623.48    2860.35    2304.92    1686.34    1225.81     751.60     529.84     600.21  167350.26

1 1.05e-01 2.50e-03   44221.21   48475.03   64776.23   79642.17   91383.42  100429.91  105298.33  106917.63  105473.51   99894.87   92313.48   83651.97   76772.85   69780.32   62389.91   54412.91   47011.70   38942.58   32146.01   25622.40   19980.56   14271.06   10225.75    7246.66    4618.95    6893.73 1492793.16
2 1.05e-01 2.50e-03   45398.59   49345.47   66311.59   80895.13   92691.34  101911.63  106909.65  108470.34  106932.05  101554.83   94275.72   85407.32   77968.90   70746.23   64027.00   55567.97   47440.41   39603.05   32727.32   25700.53   20284.59   14767.88   10638.06    7599.44    4697.04    6874.52 1518746.60
3 1.05e-01 2.50e-03   39640.13   44442.53   59304.34   71991.28   82246.62   91095.17   95878.95   96621.95   94757.03   90255.37   83462.48   75796.74   69332.12   63765.95   56782.72   49785.77   42835.86   35706.32   28772.41   22982.55   18158.64   13231.52    9519.57    6235.65    4408.72    5023.85 1352034.24
4 1.05e-01 2.50e-03    5328.09    5663.24    7520.65    8735.88   10112.13   10895.71   11510.36   11832.23   11524.01   11026.75   10155.49    9381.94    8524.95    7958.15    6985.17    6087.29    5315.63    4545.66    3597.56    2965.59    2308.44    1646.80    1172.99     799.20     535.41     617.38  166746.71
5 1.05e-01 2.50e-03    5431.30    5650.92    7396.44    8936.63   10214.73   11012.58   11580.87   11779.80   11613.05   11028.64   10400.48    9453.96    8604.15    7793.54    7110.70    6317.01    5396.42    4560.45    3664.60    2877.72    2364.97    1702.11    1207.13     840.16     544.05     614.38  168096.80
6 1.05e-01 2.50e-03    5186.55    5660.70    7457.90    8896.61    9929.46   10849.35   11441.64   11756.51   11493.02   11020.57   10162.72    9328.85    8482.24    7740.50    6920.26    6194.20    5249.71    4577.79    3561.55    2813.77    2269.01    1661.40    1208.58     741.56     523.12     595.27  165722.87

1 1.05e-01 3.00e-03   43879.65   48092.38   64251.62   79004.82   90644.53   99772.02  104562.39  106093.78  104704.91   99373.29   91899.04   83340.91   76433.12   69445.11   62098.19   54180.55   46856.12   38821.55   32056.27   25557.19   19929.21   14236.03   10201.61    7230.46    4609.12    6884.36 1484158.26
2 1.05e-01 3.00e-03   45047.88   48953.62   65786.73   80252.94   91970.54  101267.28  106139.53  107638.29  106179.87  101050.80   93878.40   85090.20   77620.14   70412.79   63729.27   55339.62   47292.94   39486.14   32640.64   25635.37   20232.52   14732.80   10612.85    7583.25    4687.64    6865.51 1510127.55
3 1.05e-01 3.00e-03   39078.16   43900.44   58624.01   71223.28   81418.43   90281.55   95058.28   95849.72   94065.95   89707.17   82969.70   75368.92   68953.59   63456.36   56520.87   49573.66   42677.17   35575.54   28675.68   22913.19   18103.75   13195.15    9494.46    6220.04    4398.66    5016.61 1342320.35
4 1.05e-01 3.00e-03    5304.90    5881.11    7827.40    9032.00   10352.56   11045.08   11569.29   11808.56   11439.42   10902.97   10013.92    9233.47    8380.29    7818.09    6860.23    5978.26    5221.39    4466.62    3536.49    2916.66    2271.57    1621.42    1155.45     787.75     527.99     611.50  166564.41
5 1.05e-01 3.00e-03    5405.71    5870.95    7699.58    9240.87   10459.89   11165.22   11642.47   11757.21   11528.59   10905.43   10254.69    9304.80    8458.47    7656.07    6983.42    6203.71    5300.67    4481.00    3602.35    2830.25    2327.08    1675.84    1189.21     828.06     536.50     608.49  167916.54
6 1.05e-01 3.00e-03    5160.51    5878.96    7763.07    9200.86   10171.25   11002.34   11503.75   11736.54   11411.66   10898.94   10022.04    9182.02    8338.92    7604.52    6796.40    6083.19    5156.55    4497.93    3500.86    2767.19    2232.54    1635.65    1190.54     730.91     515.91     589.70  165572.77

1 1.05e-01 3.50e-03   43549.84   47789.68   63827.78   78466.95   90033.47   99106.31  103782.49  105508.77  104183.17   98708.74   91331.52   82852.06   76049.12   69138.75   61882.09   53993.10   46666.40   38675.45   31951.10   25475.20   19866.33   14196.21   10175.07    7212.15    4598.03    6873.66 1475893.44
2 1.05e-01 3.50e-03   44709.48   48639.55   65364.94   79713.48   91368.89  100583.02  105374.75  107073.32  105637.01  100367.72   93294.74   84611.87   77244.64   70128.94   63513.79   55141.98   47100.58   39339.36   32535.61   25553.23   20169.67   14693.68   10585.03    7564.87    4676.97    6855.19 1501842.29
3 1.05e-01 3.50e-03   38573.89   43394.26   57996.27   70500.30   80637.51   89474.95   94238.31   95085.94   93376.81   89093.27   82403.28   74914.91   68581.10   63105.38   56249.89   49347.95   42496.87   35431.10   28567.06   22829.95   18044.53   13153.17    9466.21    6202.22    4387.25    5008.28 1332560.67
4 1.05e-01 3.50e-03    5138.13    5926.44    8041.69    9347.59   10705.42   11361.63   11818.21   11976.07   11522.94   10921.16    9984.55    9172.06    8301.70    7729.04    6771.72    5894.79    5144.95    4399.43    3482.71    2872.29    2237.28    1597.28    1138.53     776.49     520.60     605.22  167387.92
5 1.05e-01 3.50e-03    5239.71    5917.40    7913.21    9565.26   10818.17   11487.11   11895.64   11925.42   11614.06   10924.74   10223.59    9244.15    8379.99    7568.35    6893.43    6117.00    5223.52    4413.68    3547.52    2787.14    2291.91    1650.86    1171.83     816.18     528.99     602.20  168761.05
6 1.05e-01 3.50e-03    4994.79    5921.75    7973.29    9521.79   10519.55   11320.96   11755.10   11907.02   11499.20   10920.31    9994.71    9122.95    8262.19    7518.84    6708.99    5998.74    5081.13    4430.53    3447.73    2725.09    2198.79    1611.24    1173.11     720.45     508.72     583.74  166420.71


1 1.53e-01 1.50e-03   44608.57   49025.70   65535.04   80537.97   92380.55  101433.59  106133.09  107696.00  106137.59  100505.01   92990.15   84229.06   77182.84   70098.55   62631.96   54604.83   47181.79   39094.99   32259.84   25706.16   20037.03   14313.77   10253.08    7264.99    4629.97    6904.13 1503376.22
2 1.53e-01 1.50e-03   45802.88   49905.66   67066.90   81787.00   93690.56  102907.70  107712.63  109234.19  107598.60  102189.75   94973.23   85984.32   78380.54   71066.56   64267.38   55762.39   47611.49   39757.86   32840.81   25781.97   20341.46   14810.79   10666.59    7618.08    4707.57    6884.54 1529351.48
3 1.53e-01 1.50e-03   40301.05   45151.34   60190.34   72999.47   83257.23   92159.23   96901.20   97552.43   95626.11   90987.45   84034.32   76282.06   69762.19   64113.10   57089.37   50035.84   43029.83   35843.87   28881.16   23067.34   18218.62   13272.36    9547.99    6253.22    4419.89    5031.82 1364008.80
4 1.53e-01 1.50e-03    4668.04    5125.89    7042.76    8419.03    9960.15   10899.61   11635.97   12046.90   11786.89   11308.00   10428.95    9639.67    8758.65    8172.69    7168.55    6241.75    5445.32    4651.90    3678.04    3029.06    2355.53    1678.81    1194.89     813.33     544.50     624.26  167319.15
5 1.53e-01 1.50e-03    4762.49    5113.83    6928.36    8611.88   10058.57   11014.84   11705.18   11992.88   11877.43   11309.82   10681.16    9713.71    8840.15    8003.87    7297.65    6477.46    5528.75    4667.38    3746.65    2939.20    2413.42    1735.22    1229.45     855.12     553.29     621.26  168679.01
6 1.53e-01 1.50e-03    4542.05    5119.06    6978.27    8567.10    9770.03   10847.60   11562.94   11966.42   11752.69   11300.50   10435.95    9585.13    8714.91    7949.54    7102.32    6351.91    5378.11    4685.51    3641.78    2874.27    2315.74    1693.92    1231.08     754.69     531.93     601.77  166255.24

1 1.53e-01 2.00e-03   43804.86   48246.05   64581.48   79502.70   91263.09  100385.39  105309.02  106931.17  105463.33   99895.91   92324.34   83708.68   76809.10   69803.73   62413.54   54422.33   47023.39   38955.20   32155.09   25636.09   19987.66   14275.93   10229.14    7248.88    4620.32    6895.03 1491891.46
2 1.53e-01 2.00e-03   44988.03   49125.53   66112.94   80752.52   92575.55  101881.07  106909.30  108478.19  106918.02  101558.36   94284.41   85471.41   77997.74   70769.73   64049.08   55576.45   47452.28   39615.69   32737.79   25714.80   20291.25   14773.30   10641.66    7602.01    4698.35    6875.78 1517851.23
3 1.53e-01 2.00e-03   39333.43   44277.06   59165.29   71902.09   82196.43   91080.91   95896.19   96627.43   94778.91   90316.44   83501.01   75845.34   69382.79   63785.48   56799.70   49806.23   42860.91   35718.77   28779.63   22994.49   18166.22   13235.95    9522.93    6237.91    4410.09    5024.90 1351646.53
4 1.53e-01 2.00e-03    4984.63    5184.46    6952.94    8186.30    9601.38   10462.48   11153.22   11548.88   11312.98   10872.25   10046.80    9306.31    8473.01    7921.87    6961.97    6073.04    5307.22    4541.25    3595.69    2965.10    2308.72    1647.39    1173.58     799.73     535.81     617.96  162534.97
5 1.53e-01 2.00e-03    5085.61    5171.43    6838.03    8373.57    9696.70   10573.11   11219.30   11496.77   11399.49   10873.27   10289.90    9376.83    8551.11    7758.31    7086.89    6302.25    5387.41    4555.85    3662.71    2877.29    2365.22    1702.71    1207.79     840.70     544.46     614.97  163851.69
6 1.53e-01 2.00e-03    4853.72    5180.39    6892.56    8333.24    9421.60   10413.58   11083.04   11471.48   11279.25   10863.71   10052.47    9252.17    8429.50    7704.43    6896.98    6179.20    5241.25    4572.92    3559.44    2813.19    2269.17    1661.94    1209.20     742.04     523.52     595.84  161495.83

1 1.53e-01 2.50e-03   43186.40   47551.47   63683.67   78454.30   90174.95   99328.73  104227.28  105821.11  104476.69   99181.91   91761.98   83246.34   76359.10   69388.07   62053.89   54142.55   46829.60   38803.54   32039.83   25548.45   19922.77   14232.09   10198.94    7228.87    4608.15    6883.69 1479334.36
2 1.53e-01 2.50e-03   44354.77   48425.30   65214.75   79716.15   91488.91  100841.80  105811.85  107360.91  105950.64  100861.08   93737.92   84997.84   77547.96   70354.83   63687.04   55300.64   47266.98   39465.70   32626.16   25626.41   20226.40   14728.95   10610.04    7581.58    4686.71    6864.86 1505336.20
3 1.53e-01 2.50e-03   38445.91   43424.75   58126.44   70762.07   81001.38   89929.66   94722.78   95619.07   93863.20   89542.16   82853.32   75289.75   68879.97   63401.68   56485.36   49540.09   42652.28   35559.82   28662.11   22905.22   18098.13   13191.43    9491.98    6218.51    4397.81    5016.15 1338081.02
4 1.53e-01 2.50e-03    5279.79    5512.39    7235.79    8337.68    9607.19   10333.47   10918.67   11239.56   10970.80   10524.30    9718.71    9003.19    8201.92    7675.36    6752.90    5897.98    5160.91    4421.86    3505.49    2894.15    2256.18    1611.75    1149.22     784.05     525.73     610.37  160129.41
5 1.53e-01 2.50e-03    5381.24    5500.31    7115.34    8529.13    9704.77   10444.01   10985.10   11189.22   11054.92   10525.21    9953.36    9071.16    8277.18    7516.75    6873.73    6120.40    5238.05    4435.65    3570.77    2808.56    2311.17    1665.84    1182.98     824.09     534.20     607.37  161420.54
6 1.53e-01 2.50e-03    5140.80    5511.46    7177.21    8492.67    9435.51   10289.62   10852.84   11166.80   10939.75   10516.70    9724.24    8950.53    8159.39    7464.14    6689.39    6000.37    5096.37    4451.80    3469.48    2745.54    2217.02    1625.71    1184.18     727.46     513.75     588.67  159131.40

1 1.53e-01 3.00e-03   42690.22   46998.75   62922.80   77512.29   89170.64   98236.54  103111.05  104807.81  103660.10   98351.23   90980.12   82583.55   75829.35   68952.36   61716.81   53888.34   46596.26   38615.28   31895.52   25441.75   19844.82   14178.72   10164.81    7205.05    4593.92    6870.19 1466818.30
2 1.53e-01 3.00e-03   43845.02   47858.76   64451.62   78773.12   90484.61   99748.55  104702.16  106366.55  105132.93  100003.37   92942.14   84328.94   77029.45   69927.88   63362.15   55039.19   47032.26   39276.08   32481.40   25521.91   20147.52   14676.71   10574.39    7557.89    4673.05    6851.82 1492789.46
3 1.53e-01 3.00e-03   37629.72   42636.64   57144.13   69640.84   79815.28   88705.46   93564.37   94491.91   92908.53   88661.87   82111.88   74656.14   68369.64   62939.36   56116.62   49251.55   42406.27   35371.17   28521.61   22798.15   18020.29   13138.17    9455.55    6195.72    4383.25    5005.66 1323939.78
4 1.53e-01 3.00e-03    5246.13    5828.82    7681.34    8767.74    9956.63   10550.68   11004.25   11207.03   10847.89   10344.53    9513.13    8787.58    7991.83    7471.96    6571.41    5739.62    5024.07    4307.05    3416.80    2823.07    2202.64    1574.88    1123.76     767.42     514.95     601.83  159867.01
5 1.53e-01 3.00e-03    5344.09    5819.92    7555.62    8970.99   10061.04   10666.05   11074.40   11158.27   10932.22   10346.26    9741.69    8854.63    8065.60    7317.08    6688.84    5955.86    5098.97    4320.27    3480.36    2739.63    2256.14    1627.69    1156.95     806.51     523.25     598.82  161161.12
6 1.53e-01 3.00e-03    5102.99    5828.47    7620.42    8934.58    9786.84   10512.17   10942.96   11139.62   10821.65   10340.08    9520.04    8737.32    7951.23    7266.64    6509.46    5839.13    4961.08    4335.82    3381.35    2677.89    2164.05    1588.31    1157.98     712.00     503.29     580.57  158915.98

1 1.53e-01 3.50e-03   42212.02   46557.22   62314.82   76746.70   88268.08   97240.54  102108.29  103854.64  102710.09   97441.48   90296.30   82003.94   75298.91   68485.21   61345.17   53564.15   46319.13   38416.70   31738.74   25321.02   19758.58   14120.50   10125.66    7178.40    4577.79    6854.61 1454858.70
2 1.53e-01 3.50e-03   43353.68   47402.69   63840.98   78000.47   89604.08   98747.33  103694.50  105430.35  104150.45   99102.83   92277.96   83762.64   76485.94   69466.08   62978.48   54704.27   46761.81   39083.37   32321.66   25403.56   20061.12   14618.67   10533.38    7531.07    4657.59    6836.83 1480811.76
3 1.53e-01 3.50e-03   36896.84   41902.78   56230.58   68588.70   78683.54   87522.52   92391.85   93393.45   91890.89   87754.70   81325.02   74002.62   67810.98   62453.92   55713.70   48917.21   42145.78   35161.96   28361.27   22680.42   17932.26   13078.01    9414.38    6169.88    4366.63    4993.54 1309783.42
4 1.53e-01 3.50e-03    5003.89    5894.63    7992.54    9226.10   10469.08   11010.47   11365.82   11448.66   10969.30   10370.35    9470.18    8698.38    7877.69    7342.65    6442.97    5618.41    4913.03    4209.46    3338.70    2758.64    2152.84    1539.81    1099.17     751.06     504.22     592.71  161060.77
5 1.53e-01 3.50e-03    5102.98    5887.36    7865.90    9442.07   10581.52   11133.51   11442.19   11401.01   11056.50   10373.81    9696.18    8766.47    7951.66    7189.70    6558.26    5829.91    4986.90    4222.48    3400.71    2677.01    2205.05    1591.40    1131.71     789.26     512.34     589.68  162385.58
6 1.53e-01 3.50e-03    4862.30    5890.58    7925.76    9400.63   10292.72   10974.94   11308.05   11385.61   10948.81   10370.59    9479.94    8651.44    7839.80    7142.26    6382.58    5716.49    4851.55    4237.92    3304.18    2616.74    2115.04    1552.87    1132.66     696.81     492.84     571.91  160145.02


1 2.00e-01 1.50e-03   44016.60   48566.25   65010.38   79965.05   91856.62  101028.31  105775.98  107298.21  105781.15  100257.44   92656.34   83968.06   77011.80   69972.74   62523.79   54516.93   47124.34   39038.87   32227.51   25681.92   20019.36   14297.42   10242.44    7258.71    4626.06    6900.39 1497622.69
2 2.00e-01 1.50e-03   45209.54   49450.66   66540.45   81216.74   93179.35  102514.84  107348.97  108836.38  107246.76  101925.05   94616.86   85711.57   78217.12   70941.09   64158.64   55678.39   47551.62   39698.58   32809.34   25758.00   20322.55   14793.81   10655.50    7611.83    4703.82    6880.97 1523578.42
3 2.00e-01 1.50e-03   39685.08   44670.90   59656.38   72446.89   82765.19   91676.00   96380.15   97096.83   95273.70   90735.09   83855.68   76096.56   69563.78   63952.43   56961.77   49950.35   42967.21   35802.27   28842.88   23036.21   18196.19   13257.88    9537.68    6246.92    4415.91    5029.03 1358098.96
4 2.00e-01 1.50e-03    4429.22    4854.67    6697.78    8046.19    9565.35   10513.92   11267.77   11705.91   11487.91   11049.70   10213.31    9459.21    8609.03    8044.82    7065.74    6159.51    5379.18    4599.74    3639.72    2999.63    2334.22    1664.64    1185.35     807.29     540.66     621.58  162942.06
5 2.00e-01 1.50e-03    4519.72    4842.85    6589.02    8230.14    9659.00   10624.30   11333.71   11652.86   11575.61   11050.82   10460.72    9531.08    8688.55    7878.81    7192.73    6392.09    5460.92    4614.75    3707.60    2910.75    2391.46    1720.57    1219.77     848.71     549.39     618.58  164264.53
6 2.00e-01 1.50e-03    4309.82    4847.59    6635.63    8186.39    9380.37   10461.87   11195.32   11625.92   11452.75   11040.73   10219.15    9404.49    8565.05    7824.36    7000.02    6267.58    5312.52    4632.31    3603.39    2846.13    2294.49    1679.48    1221.29     749.08     528.22     599.25  161883.19

1 2.00e-01 2.00e-03   42962.96   47538.48   63769.62   78612.24   90454.73   99636.33  104434.47  106132.65  104904.70   99468.16   92011.76   83390.05   76484.17   69511.55   62212.52   54279.93   46918.42   38876.98   32095.02   25580.83   19945.70   14251.20   10212.19    7237.18    4613.24    6888.63 1482423.71
2 2.00e-01 2.00e-03   44140.86   48424.72   65297.32   79863.55   91785.68  101119.70  106026.53  107695.38  106372.15  101146.80   93974.18   85132.49   77676.61   70486.96   63856.70   55434.77   47353.62   39538.75   32675.93   25657.55   20249.59   14748.86   10623.71    7589.95    4691.61    6869.61 1508433.58
3 2.00e-01 2.00e-03   38415.87   43523.78   58317.67   71021.79   81325.62   90256.49   95116.06   95910.95   94245.50   89833.03   83071.67   75486.52   69082.85   63515.14   56612.13   49670.65   42740.98   35623.37   28710.97   22942.24   18126.74   13210.16    9505.09    6226.58    4403.05    5019.94 1341914.85
4 2.00e-01 2.00e-03    4844.40    4931.48    6580.07    7740.97    9094.85    9940.68   10634.60   11052.82   10866.45   10478.11    9712.22    9021.92    8234.44    7715.84    6794.81    5938.25    5198.10    4454.63    3531.72    2915.75    2272.83    1623.44    1157.40     789.46     529.27     613.32  156667.83
5 2.00e-01 2.00e-03    4943.50    4918.40    6470.64    7917.62    9184.46   10045.04   10696.45   11002.16   10948.75   10478.28    9947.63    9089.25    8309.48    7556.76    6916.32    6162.26    5275.56    4468.49    3597.51    2829.55    2328.26    1677.94    1191.37     829.81     537.81     610.33  157933.63
6 2.00e-01 2.00e-03    4718.55    4928.04    6523.26    7879.70    8923.42    9892.73   10565.97   10976.82   10831.80   10467.97    9716.23    8967.82    8190.76    7502.93    6730.74    6041.08    5133.04    4484.66    3495.39    2766.03    2233.42    1637.53    1192.59     732.49     517.20     591.46  155641.63

1 2.00e-01 2.50e-03   42151.40   46628.71   62594.32   77265.87   88985.04   98182.78  103045.74  104915.78  103722.95   98366.10   91076.93   82676.60   75912.26   69047.20   61805.17   53940.03   46627.25   38651.66   31936.25   25463.56   19859.52   14192.22   10172.83    7210.76    4597.40    6873.69 1465902.02
2 2.00e-01 2.50e-03   43310.11   47508.02   64114.73   78531.18   90308.86   99683.31  104649.22  106488.88  105168.51  100028.78   93037.35   84439.38   77105.67   70038.30   63439.11   55084.27   47063.11   39318.47   32518.97   25541.10   20162.82   14690.15   10582.46    7563.56    4676.41    6855.24 1491907.98
3 2.00e-01 2.50e-03   37251.50   42406.86   56953.65   69521.61   79766.05   88711.29   93616.55   94609.46   92996.02   88805.34   82201.88   74763.71   68470.73   63023.26   56191.00   49306.42   42467.74   35411.55   28554.59   22821.82   18039.38   13150.76    9464.48    6201.28    4386.92    5008.45 1324102.29
4 2.00e-01 2.50e-03    5231.50    5361.53    6950.96    7939.44    9102.59    9771.56   10327.08   10647.15   10417.72   10021.86    9281.96    8624.46    7878.87    7392.60    6520.63    5708.66    5006.18    4298.06    3413.43    2822.71    2203.93    1576.70    1125.46     768.89     516.04     603.37  153513.32
5 2.00e-01 2.50e-03    5331.21    5349.75    6834.25    8121.61    9195.16    9875.88   10389.24   10598.89   10496.93   10021.83    9506.30    8688.38    7950.22    7239.97    6636.75    5923.79    5079.68    4310.85    3476.94    2739.42    2257.37    1629.58    1158.83     808.02     524.36     600.37  154745.56
6 2.00e-01 2.50e-03    5095.06    5362.24    6896.49    8088.75    8941.78    9730.27   10264.05   10577.27   10386.66   10012.89    9285.75    8572.15    7836.51    7187.78    6458.49    5806.55    4943.04    4325.80    3377.41    2677.31    2165.03    1590.03    1159.78     713.36     504.39     582.06  152540.90

1 2.00e-01 3.00e-03   41501.75   45902.62   61597.65   76046.88   87655.17   96720.67  101678.56  103563.42  102458.15   97269.28   90199.55   81936.05   75235.38   68456.62   61333.24   53547.39   46313.77   38417.02   31740.02   25325.54   19760.41   14122.50   10127.34    7179.61    4578.69    6855.97 1449523.26
2 2.00e-01 3.00e-03   42642.48   46762.62   63117.55   77312.02   88989.00   98233.69  103278.11  105139.18  103894.16   98952.95   92176.28   83682.27   76421.07   69445.30   62962.13   54684.24   46759.39   39083.00   32325.10   25406.79   20062.83   14621.29   10534.98    7532.38    4658.49    6838.13 1475515.44
3 2.00e-01 3.00e-03   36181.25   41373.06   55662.54   68058.73   78209.27   87123.65   92070.09   93163.04   91725.50   87636.40   81248.93   73948.18   67782.59   62439.14   55705.79   48916.41   42146.35   35165.94   28368.03   22682.83   17936.47   13081.20    9416.73    6171.40    4367.80    4994.67 1305576.01
4 2.00e-01 3.00e-03    5187.34    5776.53    7535.28    8503.51    9560.73   10056.26   10439.24   10603.56   10256.47    9786.10    9012.28    8341.72    7603.39    7125.80    6282.60    5500.98    4826.73    4147.49    3297.12    2729.49    2133.71    1528.33    1092.05     747.08     501.91     592.16  153167.85
5 2.00e-01 3.00e-03    5282.48    5768.87    7411.68    8701.11    9662.28   10166.92   10506.46   10557.35   10336.00    9787.15    9228.61    8404.42    7672.75    6978.08    6394.28    5708.02    4897.27    4159.53    3358.36    2649.00    2185.20    1579.54    1124.69     784.96     509.99     589.15  154404.14
6 2.00e-01 3.00e-03    5045.48    5777.97    7477.80    8668.32    9402.46   10022.01   10382.29   10540.69   10231.78    9781.21    9017.89    8292.63    7563.53    6928.75    6222.53    5595.09    4765.61    4173.70    3261.84    2588.59    2095.57    1540.98    1125.43     693.09     490.66     571.45  152257.36

1 2.00e-01 3.50e-03   40873.62   45325.71   60798.20   75032.91   86465.96   95434.24  100394.55  102233.26  101241.20   96200.43   89260.30   81069.04   74532.39   67858.47   60813.38   53136.45   45976.30   38153.37   31540.66   25168.14   19646.96   14045.76   10076.04    7144.62    4557.54    6835.53 1433815.04
2 2.00e-01 3.50e-03   41998.07   46165.48   62317.22   76296.86   87804.30   96940.45  102005.58  103806.95  102676.01   97880.81   91228.99   82809.34   75732.96   68845.54   62440.95   54269.41   46431.38   38822.20   32124.97   25250.51   19950.69   14544.32   10481.53    7497.16    4638.21    6818.46 1459778.36
3 2.00e-01 3.50e-03   35220.03   40410.45   54464.16   66679.74   76726.98   85566.80   90534.38   91705.27   90397.51   86454.30   80214.55   73097.98   67038.58   61803.02   55172.13   48486.14   41793.97   34892.63   28161.98   22527.70   17820.50   13002.49    9362.64    6137.57    4346.00    4978.78 1286996.29
4 2.00e-01 3.50e-03    4869.67    5862.91    7943.44    9104.70   10232.82   10659.26   10913.48   10921.37   10415.70    9819.90    8956.11    8224.66    7453.66    6956.28    6114.15    5342.04    4681.12    4019.49    3194.68    2644.99    2068.39    1482.35    1059.81     725.63     487.84     580.21  154734.65
5 2.00e-01 3.50e-03    4966.27    5857.40    7818.60    9318.99   10344.79   10780.01   10988.72   10876.57   10498.99    9823.24    9169.05    8288.76    7523.26    6811.07    6223.03    5542.82    4750.31    4031.28    3253.91    2566.89    2118.19    1531.96    1091.58     762.33     495.68     577.16  156010.85
6 2.00e-01 3.50e-03    4729.82    5859.48    7878.25    9279.58   10065.89   10628.90   10861.05   10864.18   10398.54    9821.22    8965.42    8179.92    7417.39    6765.62    6056.13    5434.27    4621.97    4045.30    3160.63    2508.40    2031.28    1494.49    1092.22     673.16     476.97     560.08  153870.15


