  0.70  5755.68
  1.30  1361.01
  1.50  1205.78
  1.70   754.99
  1.90   487.16
  2.10   351.86
  2.30   363.07
  2.50   461.06
  2.70   560.48
  2.90   340.38
  3.10   164.15
  3.30   123.77
  3.50   113.12
  3.70   108.67
  3.90   108.48
  4.10   106.31
  4.30   107.87
  4.50   106.30
  4.70   107.48
  4.90   107.03
  5.10   106.71
  5.30   106.69
  5.50   105.72
  5.70   107.05
  5.90   104.34
  6.10   103.81
  6.30   102.23
  6.50   100.86
  6.70    97.82
  6.90    92.38
  7.10    89.28
  7.30    85.96
  7.50    82.25
  7.70    77.71
  7.90   805.67
