  0.70  12047.71
  1.30   8473.70
  1.50  10473.80
  1.70  12198.25
  1.90  13643.77
  2.10  14971.28
  2.30  16163.13
  2.50  16857.95
  2.70  17121.61
  2.90  17088.51
  3.10  16831.10
  3.30  16198.72
  3.50  15232.31
  3.70  14098.42
  3.90  13090.34
  4.10  12226.18
  4.30  11433.21
  4.50  10568.43
  4.70   9666.96
  4.90   8653.87
  5.10   7637.34
  5.30   6599.53
  5.50   5598.39
  5.70   4690.35
  5.90   3932.58
  6.10   3242.76
  6.30   2542.31
  6.50   1923.78
  6.70   1461.32
  6.90   1098.28
  7.10    794.05
  7.30    537.87
  7.50    333.90
  7.70    208.81
  7.90    582.27
