  0.70  12471.88
  1.30   8902.89
  1.50  11144.36
  1.70  13118.39
  1.90  14780.90
  2.10  16289.40
  2.30  17617.34
  2.50  18373.67
  2.70  18637.47
  2.90  18573.53
  3.10  18254.51
  3.30  17519.43
  3.50  16423.84
  3.70  15152.62
  3.90  14023.56
  4.10  13055.95
  4.30  12171.75
  4.50  11217.79
  4.70  10231.97
  4.90   9134.95
  5.10   8041.18
  5.30   6931.58
  5.50   5866.47
  5.70   4904.09
  5.90   4103.19
  6.10   3376.81
  6.30   2642.45
  6.50   1995.89
  6.70   1513.52
  6.90   1135.76
  7.10    819.92
  7.30    554.57
  7.50    343.69
  7.70    214.52
  7.90    593.24
