  0.70  2626.14
  1.30   625.07
  1.50   548.76
  1.70   342.30
  1.90   216.56
  2.10   148.99
  2.30   149.32
  2.50   187.87
  2.70   225.12
  2.90   129.88
  3.10    51.16
  3.30    31.50
  3.50    26.19
  3.70    23.87
  3.90    23.28
  4.10    22.56
  4.30    22.67
  4.50    22.76
  4.70    23.50
  4.90    23.20
  5.10    22.88
  5.30    23.29
  5.50    24.11
  5.70    25.46
  5.90    26.08
  6.10    28.29
  6.30    30.01
  6.50    29.79
  6.70    26.48
  6.90    22.14
  7.10    19.41
  7.30    17.72
  7.50    16.31
  7.70    15.32
  7.90   158.33
