0  144.809
0.00505051  125.174
0.010101  107.172
0.0151515  90.7471
0.020202  75.8818
0.0252525  62.5461
0.030303  50.7049
0.0353535  40.3283
0.040404  31.4208
0.0454545  24.0168
0.0505051  18.1229
0.0555556  13.6649
0.0606061  9.94788
0.0656566  6.81257
0.0707071  4.26483
0.0757576  2.3096
0.0808081  0.949126
0.0858586  0.179947
0.0909091  0
0.0959596  0.416841
0.10101  1.43735
0.106061  3.08033
0.111111  5.35606
0.116162  8.26751
0.121212  11.8234
0.126263  16.0329
0.131313  21.3257
0.136364  28.1939
0.141414  36.6406
0.146465  46.6465
0.151515  58.1861
0.156566  71.2694
0.161616  85.9439
0.166667  102.238
0.171717  120.181
0.176768  139.798
0.181818  161.141
0.186869  184.211
0.191919  209.007
0.19697  235.531
0.20202  263.781
0.207071  293.758
0.212121  325.463
0.217172  358.893
0.222222  394.052
0.227273  430.936
0.232323  469.548
0.237374  509.886
0.242424  551.952
0.247475  595.745
0.252525  641.263
0.257576  688.509
0.262626  737.482
0.267677  788.181
0.272727  840.607
0.277778  894.761
0.282828  950.64
0.287879  1008.25
0.292929  1067.58
0.29798  1128.64
0.30303  1191.43
0.308081  1255.94
0.313131  1322.18
0.318182  1390.15
0.323232  1459.84
0.328283  1531.26
0.333333  1604.41
0.338384  1679.28
0.343434  1755.88
0.348485  1834.21
0.353535  1914.26
0.358586  1996.04
0.363636  2079.55
0.368687  2164.78
0.373737  2251.74
0.378788  2340.42
0.383838  2430.84
0.388889  2522.98
0.393939  2616.84
0.39899  2712.43
0.40404  2809.75
0.409091  2908.79
0.414141  3009.56
0.419192  3112.06
0.424242  3216.28
0.429293  3322.23
0.434343  3429.91
0.439394  3539.31
0.444444  3650.44
0.449495  3763.3
0.454545  3877.88
0.459596  3994.19
0.464646  4112.22
0.469697  4231.98
0.474747  4353.46
0.479798  4476.67
0.484848  4601.61
0.489899  4728.28
0.494949  4856.67
0.5  4986.78
